#           Node connectivity          #
2500
# |   N1   |   N2   |  ...  |   Nn   | #
2480	5	2602	3
2481	104	5	2480
2482	203	104	2481
2483	302	203	2482
2484	401	302	2483
2485	500	401	2484
2486	599	500	2485
2487	698	599	2486
2488	797	698	2487
2489	896	797	2488
2490	995	896	2489
2491	1094	995	2490
2492	1193	1094	2491
2493	1292	1193	2492
2494	1391	1292	2493
2495	1490	1391	2494
2496	1589	1490	2495
2497	1688	1589	2496
2498	1787	1688	2497
2499	1886	1787	2498
2500	1985	1886	2499
2501	2084	1985	2500
2502	2183	2084	2501
2503	2282	2183	2502
4	2381	2282	2503
5	6	2601	2602
104	105	6	5
203	204	105	104
302	303	204	203
401	402	303	302
500	501	402	401
599	600	501	500
698	699	600	599
797	798	699	698
896	897	798	797
995	996	897	896
1094	1095	996	995
1193	1194	1095	1094
1292	1293	1194	1193
1391	1392	1293	1292
1490	1491	1392	1391
1589	1590	1491	1490
1688	1689	1590	1589
1787	1788	1689	1688
1886	1887	1788	1787
1985	1986	1887	1886
2084	2085	1986	1985
2183	2184	2085	2084
2282	2283	2184	2183
2381	2382	2283	2282
6	7	2600	2601
105	106	7	6
204	205	106	105
303	304	205	204
402	403	304	303
501	502	403	402
600	601	502	501
699	700	601	600
798	799	700	699
897	898	799	798
996	997	898	897
1095	1096	997	996
1194	1195	1096	1095
1293	1294	1195	1194
1392	1393	1294	1293
1491	1492	1393	1392
1590	1591	1492	1491
1689	1690	1591	1590
1788	1789	1690	1689
1887	1888	1789	1788
1986	1987	1888	1887
2085	2086	1987	1986
2184	2185	2086	2085
2283	2284	2185	2184
2382	2383	2284	2283
7	8	2599	2600
106	107	8	7
205	206	107	106
304	305	206	205
403	404	305	304
502	503	404	403
601	602	503	502
700	701	602	601
799	800	701	700
898	899	800	799
997	998	899	898
1096	1097	998	997
1195	1196	1097	1096
1294	1295	1196	1195
1393	1394	1295	1294
1492	1493	1394	1393
1591	1592	1493	1492
1690	1691	1592	1591
1789	1790	1691	1690
1888	1889	1790	1789
1987	1988	1889	1888
2086	2087	1988	1987
2185	2186	2087	2086
2284	2285	2186	2185
2383	2384	2285	2284
8	9	2598	2599
107	108	9	8
206	207	108	107
305	306	207	206
404	405	306	305
503	504	405	404
602	603	504	503
701	702	603	602
800	801	702	701
899	900	801	800
998	999	900	899
1097	1098	999	998
1196	1197	1098	1097
1295	1296	1197	1196
1394	1395	1296	1295
1493	1494	1395	1394
1592	1593	1494	1493
1691	1692	1593	1592
1790	1791	1692	1691
1889	1890	1791	1790
1988	1989	1890	1889
2087	2088	1989	1988
2186	2187	2088	2087
2285	2286	2187	2186
2384	2385	2286	2285
9	10	2597	2598
108	109	10	9
207	208	109	108
306	307	208	207
405	406	307	306
504	505	406	405
603	604	505	504
702	703	604	603
801	802	703	702
900	901	802	801
999	1000	901	900
1098	1099	1000	999
1197	1198	1099	1098
1296	1297	1198	1197
1395	1396	1297	1296
1494	1495	1396	1395
1593	1594	1495	1494
1692	1693	1594	1593
1791	1792	1693	1692
1890	1891	1792	1791
1989	1990	1891	1890
2088	2089	1990	1989
2187	2188	2089	2088
2286	2287	2188	2187
2385	2386	2287	2286
10	11	2596	2597
109	110	11	10
208	209	110	109
307	308	209	208
406	407	308	307
505	506	407	406
604	605	506	505
703	704	605	604
802	803	704	703
901	902	803	802
1000	1001	902	901
1099	1100	1001	1000
1198	1199	1100	1099
1297	1298	1199	1198
1396	1397	1298	1297
1495	1496	1397	1396
1594	1595	1496	1495
1693	1694	1595	1594
1792	1793	1694	1693
1891	1892	1793	1792
1990	1991	1892	1891
2089	2090	1991	1990
2188	2189	2090	2089
2287	2288	2189	2188
2386	2387	2288	2287
11	12	2595	2596
110	111	12	11
209	210	111	110
308	309	210	209
407	408	309	308
506	507	408	407
605	606	507	506
704	705	606	605
803	804	705	704
902	903	804	803
1001	1002	903	902
1100	1101	1002	1001
1199	1200	1101	1100
1298	1299	1200	1199
1397	1398	1299	1298
1496	1497	1398	1397
1595	1596	1497	1496
1694	1695	1596	1595
1793	1794	1695	1694
1892	1893	1794	1793
1991	1992	1893	1892
2090	2091	1992	1991
2189	2190	2091	2090
2288	2289	2190	2189
2387	2388	2289	2288
12	13	2594	2595
111	112	13	12
210	211	112	111
309	310	211	210
408	409	310	309
507	508	409	408
606	607	508	507
705	706	607	606
804	805	706	705
903	904	805	804
1002	1003	904	903
1101	1102	1003	1002
1200	1201	1102	1101
1299	1300	1201	1200
1398	1399	1300	1299
1497	1498	1399	1398
1596	1597	1498	1497
1695	1696	1597	1596
1794	1795	1696	1695
1893	1894	1795	1794
1992	1993	1894	1893
2091	2092	1993	1992
2190	2191	2092	2091
2289	2290	2191	2190
2388	2389	2290	2289
13	14	2593	2594
112	113	14	13
211	212	113	112
310	311	212	211
409	410	311	310
508	509	410	409
607	608	509	508
706	707	608	607
805	806	707	706
904	905	806	805
1003	1004	905	904
1102	1103	1004	1003
1201	1202	1103	1102
1300	1301	1202	1201
1399	1400	1301	1300
1498	1499	1400	1399
1597	1598	1499	1498
1696	1697	1598	1597
1795	1796	1697	1696
1894	1895	1796	1795
1993	1994	1895	1894
2092	2093	1994	1993
2191	2192	2093	2092
2290	2291	2192	2191
2389	2390	2291	2290
14	15	2592	2593
113	114	15	14
212	213	114	113
311	312	213	212
410	411	312	311
509	510	411	410
608	609	510	509
707	708	609	608
806	807	708	707
905	906	807	806
1004	1005	906	905
1103	1104	1005	1004
1202	1203	1104	1103
1301	1302	1203	1202
1400	1401	1302	1301
1499	1500	1401	1400
1598	1599	1500	1499
1697	1698	1599	1598
1796	1797	1698	1697
1895	1896	1797	1796
1994	1995	1896	1895
2093	2094	1995	1994
2192	2193	2094	2093
2291	2292	2193	2192
2390	2391	2292	2291
15	16	2591	2592
114	115	16	15
213	214	115	114
312	313	214	213
411	412	313	312
510	511	412	411
609	610	511	510
708	709	610	609
807	808	709	708
906	907	808	807
1005	1006	907	906
1104	1105	1006	1005
1203	1204	1105	1104
1302	1303	1204	1203
1401	1402	1303	1302
1500	1501	1402	1401
1599	1600	1501	1500
1698	1699	1600	1599
1797	1798	1699	1698
1896	1897	1798	1797
1995	1996	1897	1896
2094	2095	1996	1995
2193	2194	2095	2094
2292	2293	2194	2193
2391	2392	2293	2292
16	17	2590	2591
115	116	17	16
214	215	116	115
313	314	215	214
412	413	314	313
511	512	413	412
610	611	512	511
709	710	611	610
808	809	710	709
907	908	809	808
1006	1007	908	907
1105	1106	1007	1006
1204	1205	1106	1105
1303	1304	1205	1204
1402	1403	1304	1303
1501	1502	1403	1402
1600	1601	1502	1501
1699	1700	1601	1600
1798	1799	1700	1699
1897	1898	1799	1798
1996	1997	1898	1897
2095	2096	1997	1996
2194	2195	2096	2095
2293	2294	2195	2194
2392	2393	2294	2293
17	18	2589	2590
116	117	18	17
215	216	117	116
314	315	216	215
413	414	315	314
512	513	414	413
611	612	513	512
710	711	612	611
809	810	711	710
908	909	810	809
1007	1008	909	908
1106	1107	1008	1007
1205	1206	1107	1106
1304	1305	1206	1205
1403	1404	1305	1304
1502	1503	1404	1403
1601	1602	1503	1502
1700	1701	1602	1601
1799	1800	1701	1700
1898	1899	1800	1799
1997	1998	1899	1898
2096	2097	1998	1997
2195	2196	2097	2096
2294	2295	2196	2195
2393	2394	2295	2294
18	19	2588	2589
117	118	19	18
216	217	118	117
315	316	217	216
414	415	316	315
513	514	415	414
612	613	514	513
711	712	613	612
810	811	712	711
909	910	811	810
1008	1009	910	909
1107	1108	1009	1008
1206	1207	1108	1107
1305	1306	1207	1206
1404	1405	1306	1305
1503	1504	1405	1404
1602	1603	1504	1503
1701	1702	1603	1602
1800	1801	1702	1701
1899	1900	1801	1800
1998	1999	1900	1899
2097	2098	1999	1998
2196	2197	2098	2097
2295	2296	2197	2196
2394	2395	2296	2295
19	20	2587	2588
118	119	20	19
217	218	119	118
316	317	218	217
415	416	317	316
514	515	416	415
613	614	515	514
712	713	614	613
811	812	713	712
910	911	812	811
1009	1010	911	910
1108	1109	1010	1009
1207	1208	1109	1108
1306	1307	1208	1207
1405	1406	1307	1306
1504	1505	1406	1405
1603	1604	1505	1504
1702	1703	1604	1603
1801	1802	1703	1702
1900	1901	1802	1801
1999	2000	1901	1900
2098	2099	2000	1999
2197	2198	2099	2098
2296	2297	2198	2197
2395	2396	2297	2296
20	21	2586	2587
119	120	21	20
218	219	120	119
317	318	219	218
416	417	318	317
515	516	417	416
614	615	516	515
713	714	615	614
812	813	714	713
911	912	813	812
1010	1011	912	911
1109	1110	1011	1010
1208	1209	1110	1109
1307	1308	1209	1208
1406	1407	1308	1307
1505	1506	1407	1406
1604	1605	1506	1505
1703	1704	1605	1604
1802	1803	1704	1703
1901	1902	1803	1802
2000	2001	1902	1901
2099	2100	2001	2000
2198	2199	2100	2099
2297	2298	2199	2198
2396	2397	2298	2297
21	22	2585	2586
120	121	22	21
219	220	121	120
318	319	220	219
417	418	319	318
516	517	418	417
615	616	517	516
714	715	616	615
813	814	715	714
912	913	814	813
1011	1012	913	912
1110	1111	1012	1011
1209	1210	1111	1110
1308	1309	1210	1209
1407	1408	1309	1308
1506	1507	1408	1407
1605	1606	1507	1506
1704	1705	1606	1605
1803	1804	1705	1704
1902	1903	1804	1803
2001	2002	1903	1902
2100	2101	2002	2001
2199	2200	2101	2100
2298	2299	2200	2199
2397	2398	2299	2298
22	23	2584	2585
121	122	23	22
220	221	122	121
319	320	221	220
418	419	320	319
517	518	419	418
616	617	518	517
715	716	617	616
814	815	716	715
913	914	815	814
1012	1013	914	913
1111	1112	1013	1012
1210	1211	1112	1111
1309	1310	1211	1210
1408	1409	1310	1309
1507	1508	1409	1408
1606	1607	1508	1507
1705	1706	1607	1606
1804	1805	1706	1705
1903	1904	1805	1804
2002	2003	1904	1903
2101	2102	2003	2002
2200	2201	2102	2101
2299	2300	2201	2200
2398	2399	2300	2299
23	24	2583	2584
122	123	24	23
221	222	123	122
320	321	222	221
419	420	321	320
518	519	420	419
617	618	519	518
716	717	618	617
815	816	717	716
914	915	816	815
1013	1014	915	914
1112	1113	1014	1013
1211	1212	1113	1112
1310	1311	1212	1211
1409	1410	1311	1310
1508	1509	1410	1409
1607	1608	1509	1508
1706	1707	1608	1607
1805	1806	1707	1706
1904	1905	1806	1805
2003	2004	1905	1904
2102	2103	2004	2003
2201	2202	2103	2102
2300	2301	2202	2201
2399	2400	2301	2300
24	25	2582	2583
123	124	25	24
222	223	124	123
321	322	223	222
420	421	322	321
519	520	421	420
618	619	520	519
717	718	619	618
816	817	718	717
915	916	817	816
1014	1015	916	915
1113	1114	1015	1014
1212	1213	1114	1113
1311	1312	1213	1212
1410	1411	1312	1311
1509	1510	1411	1410
1608	1609	1510	1509
1707	1708	1609	1608
1806	1807	1708	1707
1905	1906	1807	1806
2004	2005	1906	1905
2103	2104	2005	2004
2202	2203	2104	2103
2301	2302	2203	2202
2400	2401	2302	2301
25	26	2581	2582
124	125	26	25
223	224	125	124
322	323	224	223
421	422	323	322
520	521	422	421
619	620	521	520
718	719	620	619
817	818	719	718
916	917	818	817
1015	1016	917	916
1114	1115	1016	1015
1213	1214	1115	1114
1312	1313	1214	1213
1411	1412	1313	1312
1510	1511	1412	1411
1609	1610	1511	1510
1708	1709	1610	1609
1807	1808	1709	1708
1906	1907	1808	1807
2005	2006	1907	1906
2104	2105	2006	2005
2203	2204	2105	2104
2302	2303	2204	2203
2401	2402	2303	2302
26	27	2580	2581
125	126	27	26
224	225	126	125
323	324	225	224
422	423	324	323
521	522	423	422
620	621	522	521
719	720	621	620
818	819	720	719
917	918	819	818
1016	1017	918	917
1115	1116	1017	1016
1214	1215	1116	1115
1313	1314	1215	1214
1412	1413	1314	1313
1511	1512	1413	1412
1610	1611	1512	1511
1709	1710	1611	1610
1808	1809	1710	1709
1907	1908	1809	1808
2006	2007	1908	1907
2105	2106	2007	2006
2204	2205	2106	2105
2303	2304	2205	2204
2402	2403	2304	2303
27	28	2579	2580
126	127	28	27
225	226	127	126
324	325	226	225
423	424	325	324
522	523	424	423
621	622	523	522
720	721	622	621
819	820	721	720
918	919	820	819
1017	1018	919	918
1116	1117	1018	1017
1215	1216	1117	1116
1314	1315	1216	1215
1413	1414	1315	1314
1512	1513	1414	1413
1611	1612	1513	1512
1710	1711	1612	1611
1809	1810	1711	1710
1908	1909	1810	1809
2007	2008	1909	1908
2106	2107	2008	2007
2205	2206	2107	2106
2304	2305	2206	2205
2403	2404	2305	2304
28	29	2578	2579
127	128	29	28
226	227	128	127
325	326	227	226
424	425	326	325
523	524	425	424
622	623	524	523
721	722	623	622
820	821	722	721
919	920	821	820
1018	1019	920	919
1117	1118	1019	1018
1216	1217	1118	1117
1315	1316	1217	1216
1414	1415	1316	1315
1513	1514	1415	1414
1612	1613	1514	1513
1711	1712	1613	1612
1810	1811	1712	1711
1909	1910	1811	1810
2008	2009	1910	1909
2107	2108	2009	2008
2206	2207	2108	2107
2305	2306	2207	2206
2404	2405	2306	2305
29	30	2577	2578
128	129	30	29
227	228	129	128
326	327	228	227
425	426	327	326
524	525	426	425
623	624	525	524
722	723	624	623
821	822	723	722
920	921	822	821
1019	1020	921	920
1118	1119	1020	1019
1217	1218	1119	1118
1316	1317	1218	1217
1415	1416	1317	1316
1514	1515	1416	1415
1613	1614	1515	1514
1712	1713	1614	1613
1811	1812	1713	1712
1910	1911	1812	1811
2009	2010	1911	1910
2108	2109	2010	2009
2207	2208	2109	2108
2306	2307	2208	2207
2405	2406	2307	2306
30	31	2576	2577
129	130	31	30
228	229	130	129
327	328	229	228
426	427	328	327
525	526	427	426
624	625	526	525
723	724	625	624
822	823	724	723
921	922	823	822
1020	1021	922	921
1119	1120	1021	1020
1218	1219	1120	1119
1317	1318	1219	1218
1416	1417	1318	1317
1515	1516	1417	1416
1614	1615	1516	1515
1713	1714	1615	1614
1812	1813	1714	1713
1911	1912	1813	1812
2010	2011	1912	1911
2109	2110	2011	2010
2208	2209	2110	2109
2307	2308	2209	2208
2406	2407	2308	2307
31	32	2575	2576
130	131	32	31
229	230	131	130
328	329	230	229
427	428	329	328
526	527	428	427
625	626	527	526
724	725	626	625
823	824	725	724
922	923	824	823
1021	1022	923	922
1120	1121	1022	1021
1219	1220	1121	1120
1318	1319	1220	1219
1417	1418	1319	1318
1516	1517	1418	1417
1615	1616	1517	1516
1714	1715	1616	1615
1813	1814	1715	1714
1912	1913	1814	1813
2011	2012	1913	1912
2110	2111	2012	2011
2209	2210	2111	2110
2308	2309	2210	2209
2407	2408	2309	2308
32	33	2574	2575
131	132	33	32
230	231	132	131
329	330	231	230
428	429	330	329
527	528	429	428
626	627	528	527
725	726	627	626
824	825	726	725
923	924	825	824
1022	1023	924	923
1121	1122	1023	1022
1220	1221	1122	1121
1319	1320	1221	1220
1418	1419	1320	1319
1517	1518	1419	1418
1616	1617	1518	1517
1715	1716	1617	1616
1814	1815	1716	1715
1913	1914	1815	1814
2012	2013	1914	1913
2111	2112	2013	2012
2210	2211	2112	2111
2309	2310	2211	2210
2408	2409	2310	2309
33	34	2573	2574
132	133	34	33
231	232	133	132
330	331	232	231
429	430	331	330
528	529	430	429
627	628	529	528
726	727	628	627
825	826	727	726
924	925	826	825
1023	1024	925	924
1122	1123	1024	1023
1221	1222	1123	1122
1320	1321	1222	1221
1419	1420	1321	1320
1518	1519	1420	1419
1617	1618	1519	1518
1716	1717	1618	1617
1815	1816	1717	1716
1914	1915	1816	1815
2013	2014	1915	1914
2112	2113	2014	2013
2211	2212	2113	2112
2310	2311	2212	2211
2409	2410	2311	2310
34	35	2572	2573
133	134	35	34
232	233	134	133
331	332	233	232
430	431	332	331
529	530	431	430
628	629	530	529
727	728	629	628
826	827	728	727
925	926	827	826
1024	1025	926	925
1123	1124	1025	1024
1222	1223	1124	1123
1321	1322	1223	1222
1420	1421	1322	1321
1519	1520	1421	1420
1618	1619	1520	1519
1717	1718	1619	1618
1816	1817	1718	1717
1915	1916	1817	1816
2014	2015	1916	1915
2113	2114	2015	2014
2212	2213	2114	2113
2311	2312	2213	2212
2410	2411	2312	2311
35	36	2571	2572
134	135	36	35
233	234	135	134
332	333	234	233
431	432	333	332
530	531	432	431
629	630	531	530
728	729	630	629
827	828	729	728
926	927	828	827
1025	1026	927	926
1124	1125	1026	1025
1223	1224	1125	1124
1322	1323	1224	1223
1421	1422	1323	1322
1520	1521	1422	1421
1619	1620	1521	1520
1718	1719	1620	1619
1817	1818	1719	1718
1916	1917	1818	1817
2015	2016	1917	1916
2114	2115	2016	2015
2213	2214	2115	2114
2312	2313	2214	2213
2411	2412	2313	2312
36	37	2570	2571
135	136	37	36
234	235	136	135
333	334	235	234
432	433	334	333
531	532	433	432
630	631	532	531
729	730	631	630
828	829	730	729
927	928	829	828
1026	1027	928	927
1125	1126	1027	1026
1224	1225	1126	1125
1323	1324	1225	1224
1422	1423	1324	1323
1521	1522	1423	1422
1620	1621	1522	1521
1719	1720	1621	1620
1818	1819	1720	1719
1917	1918	1819	1818
2016	2017	1918	1917
2115	2116	2017	2016
2214	2215	2116	2115
2313	2314	2215	2214
2412	2413	2314	2313
37	38	2569	2570
136	137	38	37
235	236	137	136
334	335	236	235
433	434	335	334
532	533	434	433
631	632	533	532
730	731	632	631
829	830	731	730
928	929	830	829
1027	1028	929	928
1126	1127	1028	1027
1225	1226	1127	1126
1324	1325	1226	1225
1423	1424	1325	1324
1522	1523	1424	1423
1621	1622	1523	1522
1720	1721	1622	1621
1819	1820	1721	1720
1918	1919	1820	1819
2017	2018	1919	1918
2116	2117	2018	2017
2215	2216	2117	2116
2314	2315	2216	2215
2413	2414	2315	2314
38	39	2568	2569
137	138	39	38
236	237	138	137
335	336	237	236
434	435	336	335
533	534	435	434
632	633	534	533
731	732	633	632
830	831	732	731
929	930	831	830
1028	1029	930	929
1127	1128	1029	1028
1226	1227	1128	1127
1325	1326	1227	1226
1424	1425	1326	1325
1523	1524	1425	1424
1622	1623	1524	1523
1721	1722	1623	1622
1820	1821	1722	1721
1919	1920	1821	1820
2018	2019	1920	1919
2117	2118	2019	2018
2216	2217	2118	2117
2315	2316	2217	2216
2414	2415	2316	2315
39	40	2567	2568
138	139	40	39
237	238	139	138
336	337	238	237
435	436	337	336
534	535	436	435
633	634	535	534
732	733	634	633
831	832	733	732
930	931	832	831
1029	1030	931	930
1128	1129	1030	1029
1227	1228	1129	1128
1326	1327	1228	1227
1425	1426	1327	1326
1524	1525	1426	1425
1623	1624	1525	1524
1722	1723	1624	1623
1821	1822	1723	1722
1920	1921	1822	1821
2019	2020	1921	1920
2118	2119	2020	2019
2217	2218	2119	2118
2316	2317	2218	2217
2415	2416	2317	2316
40	41	2566	2567
139	140	41	40
238	239	140	139
337	338	239	238
436	437	338	337
535	536	437	436
634	635	536	535
733	734	635	634
832	833	734	733
931	932	833	832
1030	1031	932	931
1129	1130	1031	1030
1228	1229	1130	1129
1327	1328	1229	1228
1426	1427	1328	1327
1525	1526	1427	1426
1624	1625	1526	1525
1723	1724	1625	1624
1822	1823	1724	1723
1921	1922	1823	1822
2020	2021	1922	1921
2119	2120	2021	2020
2218	2219	2120	2119
2317	2318	2219	2218
2416	2417	2318	2317
41	42	2565	2566
140	141	42	41
239	240	141	140
338	339	240	239
437	438	339	338
536	537	438	437
635	636	537	536
734	735	636	635
833	834	735	734
932	933	834	833
1031	1032	933	932
1130	1131	1032	1031
1229	1230	1131	1130
1328	1329	1230	1229
1427	1428	1329	1328
1526	1527	1428	1427
1625	1626	1527	1526
1724	1725	1626	1625
1823	1824	1725	1724
1922	1923	1824	1823
2021	2022	1923	1922
2120	2121	2022	2021
2219	2220	2121	2120
2318	2319	2220	2219
2417	2418	2319	2318
42	43	2564	2565
141	142	43	42
240	241	142	141
339	340	241	240
438	439	340	339
537	538	439	438
636	637	538	537
735	736	637	636
834	835	736	735
933	934	835	834
1032	1033	934	933
1131	1132	1033	1032
1230	1231	1132	1131
1329	1330	1231	1230
1428	1429	1330	1329
1527	1528	1429	1428
1626	1627	1528	1527
1725	1726	1627	1626
1824	1825	1726	1725
1923	1924	1825	1824
2022	2023	1924	1923
2121	2122	2023	2022
2220	2221	2122	2121
2319	2320	2221	2220
2418	2419	2320	2319
43	44	2563	2564
142	143	44	43
241	242	143	142
340	341	242	241
439	440	341	340
538	539	440	439
637	638	539	538
736	737	638	637
835	836	737	736
934	935	836	835
1033	1034	935	934
1132	1133	1034	1033
1231	1232	1133	1132
1330	1331	1232	1231
1429	1430	1331	1330
1528	1529	1430	1429
1627	1628	1529	1528
1726	1727	1628	1627
1825	1826	1727	1726
1924	1925	1826	1825
2023	2024	1925	1924
2122	2123	2024	2023
2221	2222	2123	2122
2320	2321	2222	2221
2419	2420	2321	2320
44	45	2562	2563
143	144	45	44
242	243	144	143
341	342	243	242
440	441	342	341
539	540	441	440
638	639	540	539
737	738	639	638
836	837	738	737
935	936	837	836
1034	1035	936	935
1133	1134	1035	1034
1232	1233	1134	1133
1331	1332	1233	1232
1430	1431	1332	1331
1529	1530	1431	1430
1628	1629	1530	1529
1727	1728	1629	1628
1826	1827	1728	1727
1925	1926	1827	1826
2024	2025	1926	1925
2123	2124	2025	2024
2222	2223	2124	2123
2321	2322	2223	2222
2420	2421	2322	2321
45	46	2561	2562
144	145	46	45
243	244	145	144
342	343	244	243
441	442	343	342
540	541	442	441
639	640	541	540
738	739	640	639
837	838	739	738
936	937	838	837
1035	1036	937	936
1134	1135	1036	1035
1233	1234	1135	1134
1332	1333	1234	1233
1431	1432	1333	1332
1530	1531	1432	1431
1629	1630	1531	1530
1728	1729	1630	1629
1827	1828	1729	1728
1926	1927	1828	1827
2025	2026	1927	1926
2124	2125	2026	2025
2223	2224	2125	2124
2322	2323	2224	2223
2421	2422	2323	2322
46	47	2560	2561
145	146	47	46
244	245	146	145
343	344	245	244
442	443	344	343
541	542	443	442
640	641	542	541
739	740	641	640
838	839	740	739
937	938	839	838
1036	1037	938	937
1135	1136	1037	1036
1234	1235	1136	1135
1333	1334	1235	1234
1432	1433	1334	1333
1531	1532	1433	1432
1630	1631	1532	1531
1729	1730	1631	1630
1828	1829	1730	1729
1927	1928	1829	1828
2026	2027	1928	1927
2125	2126	2027	2026
2224	2225	2126	2125
2323	2324	2225	2224
2422	2423	2324	2323
47	48	2559	2560
146	147	48	47
245	246	147	146
344	345	246	245
443	444	345	344
542	543	444	443
641	642	543	542
740	741	642	641
839	840	741	740
938	939	840	839
1037	1038	939	938
1136	1137	1038	1037
1235	1236	1137	1136
1334	1335	1236	1235
1433	1434	1335	1334
1532	1533	1434	1433
1631	1632	1533	1532
1730	1731	1632	1631
1829	1830	1731	1730
1928	1929	1830	1829
2027	2028	1929	1928
2126	2127	2028	2027
2225	2226	2127	2126
2324	2325	2226	2225
2423	2424	2325	2324
48	49	2558	2559
147	148	49	48
246	247	148	147
345	346	247	246
444	445	346	345
543	544	445	444
642	643	544	543
741	742	643	642
840	841	742	741
939	940	841	840
1038	1039	940	939
1137	1138	1039	1038
1236	1237	1138	1137
1335	1336	1237	1236
1434	1435	1336	1335
1533	1534	1435	1434
1632	1633	1534	1533
1731	1732	1633	1632
1830	1831	1732	1731
1929	1930	1831	1830
2028	2029	1930	1929
2127	2128	2029	2028
2226	2227	2128	2127
2325	2326	2227	2226
2424	2425	2326	2325
49	50	2557	2558
148	149	50	49
247	248	149	148
346	347	248	247
445	446	347	346
544	545	446	445
643	644	545	544
742	743	644	643
841	842	743	742
940	941	842	841
1039	1040	941	940
1138	1139	1040	1039
1237	1238	1139	1138
1336	1337	1238	1237
1435	1436	1337	1336
1534	1535	1436	1435
1633	1634	1535	1534
1732	1733	1634	1633
1831	1832	1733	1732
1930	1931	1832	1831
2029	2030	1931	1930
2128	2129	2030	2029
2227	2228	2129	2128
2326	2327	2228	2227
2425	2426	2327	2326
50	51	2556	2557
149	150	51	50
248	249	150	149
347	348	249	248
446	447	348	347
545	546	447	446
644	645	546	545
743	744	645	644
842	843	744	743
941	942	843	842
1040	1041	942	941
1139	1140	1041	1040
1238	1239	1140	1139
1337	1338	1239	1238
1436	1437	1338	1337
1535	1536	1437	1436
1634	1635	1536	1535
1733	1734	1635	1634
1832	1833	1734	1733
1931	1932	1833	1832
2030	2031	1932	1931
2129	2130	2031	2030
2228	2229	2130	2129
2327	2328	2229	2228
2426	2427	2328	2327
51	52	2555	2556
150	151	52	51
249	250	151	150
348	349	250	249
447	448	349	348
546	547	448	447
645	646	547	546
744	745	646	645
843	844	745	744
942	943	844	843
1041	1042	943	942
1140	1141	1042	1041
1239	1240	1141	1140
1338	1339	1240	1239
1437	1438	1339	1338
1536	1537	1438	1437
1635	1636	1537	1536
1734	1735	1636	1635
1833	1834	1735	1734
1932	1933	1834	1833
2031	2032	1933	1932
2130	2131	2032	2031
2229	2230	2131	2130
2328	2329	2230	2229
2427	2428	2329	2328
52	53	2554	2555
151	152	53	52
250	251	152	151
349	350	251	250
448	449	350	349
547	548	449	448
646	647	548	547
745	746	647	646
844	845	746	745
943	944	845	844
1042	1043	944	943
1141	1142	1043	1042
1240	1241	1142	1141
1339	1340	1241	1240
1438	1439	1340	1339
1537	1538	1439	1438
1636	1637	1538	1537
1735	1736	1637	1636
1834	1835	1736	1735
1933	1934	1835	1834
2032	2033	1934	1933
2131	2132	2033	2032
2230	2231	2132	2131
2329	2330	2231	2230
2428	2429	2330	2329
53	54	2553	2554
152	153	54	53
251	252	153	152
350	351	252	251
449	450	351	350
548	549	450	449
647	648	549	548
746	747	648	647
845	846	747	746
944	945	846	845
1043	1044	945	944
1142	1143	1044	1043
1241	1242	1143	1142
1340	1341	1242	1241
1439	1440	1341	1340
1538	1539	1440	1439
1637	1638	1539	1538
1736	1737	1638	1637
1835	1836	1737	1736
1934	1935	1836	1835
2033	2034	1935	1934
2132	2133	2034	2033
2231	2232	2133	2132
2330	2331	2232	2231
2429	2430	2331	2330
54	55	2552	2553
153	154	55	54
252	253	154	153
351	352	253	252
450	451	352	351
549	550	451	450
648	649	550	549
747	748	649	648
846	847	748	747
945	946	847	846
1044	1045	946	945
1143	1144	1045	1044
1242	1243	1144	1143
1341	1342	1243	1242
1440	1441	1342	1341
1539	1540	1441	1440
1638	1639	1540	1539
1737	1738	1639	1638
1836	1837	1738	1737
1935	1936	1837	1836
2034	2035	1936	1935
2133	2134	2035	2034
2232	2233	2134	2133
2331	2332	2233	2232
2430	2431	2332	2331
55	56	2551	2552
154	155	56	55
253	254	155	154
352	353	254	253
451	452	353	352
550	551	452	451
649	650	551	550
748	749	650	649
847	848	749	748
946	947	848	847
1045	1046	947	946
1144	1145	1046	1045
1243	1244	1145	1144
1342	1343	1244	1243
1441	1442	1343	1342
1540	1541	1442	1441
1639	1640	1541	1540
1738	1739	1640	1639
1837	1838	1739	1738
1936	1937	1838	1837
2035	2036	1937	1936
2134	2135	2036	2035
2233	2234	2135	2134
2332	2333	2234	2233
2431	2432	2333	2332
56	57	2550	2551
155	156	57	56
254	255	156	155
353	354	255	254
452	453	354	353
551	552	453	452
650	651	552	551
749	750	651	650
848	849	750	749
947	948	849	848
1046	1047	948	947
1145	1146	1047	1046
1244	1245	1146	1145
1343	1344	1245	1244
1442	1443	1344	1343
1541	1542	1443	1442
1640	1641	1542	1541
1739	1740	1641	1640
1838	1839	1740	1739
1937	1938	1839	1838
2036	2037	1938	1937
2135	2136	2037	2036
2234	2235	2136	2135
2333	2334	2235	2234
2432	2433	2334	2333
57	58	2549	2550
156	157	58	57
255	256	157	156
354	355	256	255
453	454	355	354
552	553	454	453
651	652	553	552
750	751	652	651
849	850	751	750
948	949	850	849
1047	1048	949	948
1146	1147	1048	1047
1245	1246	1147	1146
1344	1345	1246	1245
1443	1444	1345	1344
1542	1543	1444	1443
1641	1642	1543	1542
1740	1741	1642	1641
1839	1840	1741	1740
1938	1939	1840	1839
2037	2038	1939	1938
2136	2137	2038	2037
2235	2236	2137	2136
2334	2335	2236	2235
2433	2434	2335	2334
58	59	2548	2549
157	158	59	58
256	257	158	157
355	356	257	256
454	455	356	355
553	554	455	454
652	653	554	553
751	752	653	652
850	851	752	751
949	950	851	850
1048	1049	950	949
1147	1148	1049	1048
1246	1247	1148	1147
1345	1346	1247	1246
1444	1445	1346	1345
1543	1544	1445	1444
1642	1643	1544	1543
1741	1742	1643	1642
1840	1841	1742	1741
1939	1940	1841	1840
2038	2039	1940	1939
2137	2138	2039	2038
2236	2237	2138	2137
2335	2336	2237	2236
2434	2435	2336	2335
59	60	2547	2548
158	159	60	59
257	258	159	158
356	357	258	257
455	456	357	356
554	555	456	455
653	654	555	554
752	753	654	653
851	852	753	752
950	951	852	851
1049	1050	951	950
1148	1149	1050	1049
1247	1248	1149	1148
1346	1347	1248	1247
1445	1446	1347	1346
1544	1545	1446	1445
1643	1644	1545	1544
1742	1743	1644	1643
1841	1842	1743	1742
1940	1941	1842	1841
2039	2040	1941	1940
2138	2139	2040	2039
2237	2238	2139	2138
2336	2337	2238	2237
2435	2436	2337	2336
60	61	2546	2547
159	160	61	60
258	259	160	159
357	358	259	258
456	457	358	357
555	556	457	456
654	655	556	555
753	754	655	654
852	853	754	753
951	952	853	852
1050	1051	952	951
1149	1150	1051	1050
1248	1249	1150	1149
1347	1348	1249	1248
1446	1447	1348	1347
1545	1546	1447	1446
1644	1645	1546	1545
1743	1744	1645	1644
1842	1843	1744	1743
1941	1942	1843	1842
2040	2041	1942	1941
2139	2140	2041	2040
2238	2239	2140	2139
2337	2338	2239	2238
2436	2437	2338	2337
61	62	2545	2546
160	161	62	61
259	260	161	160
358	359	260	259
457	458	359	358
556	557	458	457
655	656	557	556
754	755	656	655
853	854	755	754
952	953	854	853
1051	1052	953	952
1150	1151	1052	1051
1249	1250	1151	1150
1348	1349	1250	1249
1447	1448	1349	1348
1546	1547	1448	1447
1645	1646	1547	1546
1744	1745	1646	1645
1843	1844	1745	1744
1942	1943	1844	1843
2041	2042	1943	1942
2140	2141	2042	2041
2239	2240	2141	2140
2338	2339	2240	2239
2437	2438	2339	2338
62	63	2544	2545
161	162	63	62
260	261	162	161
359	360	261	260
458	459	360	359
557	558	459	458
656	657	558	557
755	756	657	656
854	855	756	755
953	954	855	854
1052	1053	954	953
1151	1152	1053	1052
1250	1251	1152	1151
1349	1350	1251	1250
1448	1449	1350	1349
1547	1548	1449	1448
1646	1647	1548	1547
1745	1746	1647	1646
1844	1845	1746	1745
1943	1944	1845	1844
2042	2043	1944	1943
2141	2142	2043	2042
2240	2241	2142	2141
2339	2340	2241	2240
2438	2439	2340	2339
63	64	2543	2544
162	163	64	63
261	262	163	162
360	361	262	261
459	460	361	360
558	559	460	459
657	658	559	558
756	757	658	657
855	856	757	756
954	955	856	855
1053	1054	955	954
1152	1153	1054	1053
1251	1252	1153	1152
1350	1351	1252	1251
1449	1450	1351	1350
1548	1549	1450	1449
1647	1648	1549	1548
1746	1747	1648	1647
1845	1846	1747	1746
1944	1945	1846	1845
2043	2044	1945	1944
2142	2143	2044	2043
2241	2242	2143	2142
2340	2341	2242	2241
2439	2440	2341	2340
64	65	2542	2543
163	164	65	64
262	263	164	163
361	362	263	262
460	461	362	361
559	560	461	460
658	659	560	559
757	758	659	658
856	857	758	757
955	956	857	856
1054	1055	956	955
1153	1154	1055	1054
1252	1253	1154	1153
1351	1352	1253	1252
1450	1451	1352	1351
1549	1550	1451	1450
1648	1649	1550	1549
1747	1748	1649	1648
1846	1847	1748	1747
1945	1946	1847	1846
2044	2045	1946	1945
2143	2144	2045	2044
2242	2243	2144	2143
2341	2342	2243	2242
2440	2441	2342	2341
65	66	2541	2542
164	165	66	65
263	264	165	164
362	363	264	263
461	462	363	362
560	561	462	461
659	660	561	560
758	759	660	659
857	858	759	758
956	957	858	857
1055	1056	957	956
1154	1155	1056	1055
1253	1254	1155	1154
1352	1353	1254	1253
1451	1452	1353	1352
1550	1551	1452	1451
1649	1650	1551	1550
1748	1749	1650	1649
1847	1848	1749	1748
1946	1947	1848	1847
2045	2046	1947	1946
2144	2145	2046	2045
2243	2244	2145	2144
2342	2343	2244	2243
2441	2442	2343	2342
66	67	2540	2541
165	166	67	66
264	265	166	165
363	364	265	264
462	463	364	363
561	562	463	462
660	661	562	561
759	760	661	660
858	859	760	759
957	958	859	858
1056	1057	958	957
1155	1156	1057	1056
1254	1255	1156	1155
1353	1354	1255	1254
1452	1453	1354	1353
1551	1552	1453	1452
1650	1651	1552	1551
1749	1750	1651	1650
1848	1849	1750	1749
1947	1948	1849	1848
2046	2047	1948	1947
2145	2146	2047	2046
2244	2245	2146	2145
2343	2344	2245	2244
2442	2443	2344	2343
67	68	2539	2540
166	167	68	67
265	266	167	166
364	365	266	265
463	464	365	364
562	563	464	463
661	662	563	562
760	761	662	661
859	860	761	760
958	959	860	859
1057	1058	959	958
1156	1157	1058	1057
1255	1256	1157	1156
1354	1355	1256	1255
1453	1454	1355	1354
1552	1553	1454	1453
1651	1652	1553	1552
1750	1751	1652	1651
1849	1850	1751	1750
1948	1949	1850	1849
2047	2048	1949	1948
2146	2147	2048	2047
2245	2246	2147	2146
2344	2345	2246	2245
2443	2444	2345	2344
68	69	2538	2539
167	168	69	68
266	267	168	167
365	366	267	266
464	465	366	365
563	564	465	464
662	663	564	563
761	762	663	662
860	861	762	761
959	960	861	860
1058	1059	960	959
1157	1158	1059	1058
1256	1257	1158	1157
1355	1356	1257	1256
1454	1455	1356	1355
1553	1554	1455	1454
1652	1653	1554	1553
1751	1752	1653	1652
1850	1851	1752	1751
1949	1950	1851	1850
2048	2049	1950	1949
2147	2148	2049	2048
2246	2247	2148	2147
2345	2346	2247	2246
2444	2445	2346	2345
69	70	2537	2538
168	169	70	69
267	268	169	168
366	367	268	267
465	466	367	366
564	565	466	465
663	664	565	564
762	763	664	663
861	862	763	762
960	961	862	861
1059	1060	961	960
1158	1159	1060	1059
1257	1258	1159	1158
1356	1357	1258	1257
1455	1456	1357	1356
1554	1555	1456	1455
1653	1654	1555	1554
1752	1753	1654	1653
1851	1852	1753	1752
1950	1951	1852	1851
2049	2050	1951	1950
2148	2149	2050	2049
2247	2248	2149	2148
2346	2347	2248	2247
2445	2446	2347	2346
70	71	2536	2537
169	170	71	70
268	269	170	169
367	368	269	268
466	467	368	367
565	566	467	466
664	665	566	565
763	764	665	664
862	863	764	763
961	962	863	862
1060	1061	962	961
1159	1160	1061	1060
1258	1259	1160	1159
1357	1358	1259	1258
1456	1457	1358	1357
1555	1556	1457	1456
1654	1655	1556	1555
1753	1754	1655	1654
1852	1853	1754	1753
1951	1952	1853	1852
2050	2051	1952	1951
2149	2150	2051	2050
2248	2249	2150	2149
2347	2348	2249	2248
2446	2447	2348	2347
71	72	2535	2536
170	171	72	71
269	270	171	170
368	369	270	269
467	468	369	368
566	567	468	467
665	666	567	566
764	765	666	665
863	864	765	764
962	963	864	863
1061	1062	963	962
1160	1161	1062	1061
1259	1260	1161	1160
1358	1359	1260	1259
1457	1458	1359	1358
1556	1557	1458	1457
1655	1656	1557	1556
1754	1755	1656	1655
1853	1854	1755	1754
1952	1953	1854	1853
2051	2052	1953	1952
2150	2151	2052	2051
2249	2250	2151	2150
2348	2349	2250	2249
2447	2448	2349	2348
72	73	2534	2535
171	172	73	72
270	271	172	171
369	370	271	270
468	469	370	369
567	568	469	468
666	667	568	567
765	766	667	666
864	865	766	765
963	964	865	864
1062	1063	964	963
1161	1162	1063	1062
1260	1261	1162	1161
1359	1360	1261	1260
1458	1459	1360	1359
1557	1558	1459	1458
1656	1657	1558	1557
1755	1756	1657	1656
1854	1855	1756	1755
1953	1954	1855	1854
2052	2053	1954	1953
2151	2152	2053	2052
2250	2251	2152	2151
2349	2350	2251	2250
2448	2449	2350	2349
73	74	2533	2534
172	173	74	73
271	272	173	172
370	371	272	271
469	470	371	370
568	569	470	469
667	668	569	568
766	767	668	667
865	866	767	766
964	965	866	865
1063	1064	965	964
1162	1163	1064	1063
1261	1262	1163	1162
1360	1361	1262	1261
1459	1460	1361	1360
1558	1559	1460	1459
1657	1658	1559	1558
1756	1757	1658	1657
1855	1856	1757	1756
1954	1955	1856	1855
2053	2054	1955	1954
2152	2153	2054	2053
2251	2252	2153	2152
2350	2351	2252	2251
2449	2450	2351	2350
74	75	2532	2533
173	174	75	74
272	273	174	173
371	372	273	272
470	471	372	371
569	570	471	470
668	669	570	569
767	768	669	668
866	867	768	767
965	966	867	866
1064	1065	966	965
1163	1164	1065	1064
1262	1263	1164	1163
1361	1362	1263	1262
1460	1461	1362	1361
1559	1560	1461	1460
1658	1659	1560	1559
1757	1758	1659	1658
1856	1857	1758	1757
1955	1956	1857	1856
2054	2055	1956	1955
2153	2154	2055	2054
2252	2253	2154	2153
2351	2352	2253	2252
2450	2451	2352	2351
75	76	2531	2532
174	175	76	75
273	274	175	174
372	373	274	273
471	472	373	372
570	571	472	471
669	670	571	570
768	769	670	669
867	868	769	768
966	967	868	867
1065	1066	967	966
1164	1165	1066	1065
1263	1264	1165	1164
1362	1363	1264	1263
1461	1462	1363	1362
1560	1561	1462	1461
1659	1660	1561	1560
1758	1759	1660	1659
1857	1858	1759	1758
1956	1957	1858	1857
2055	2056	1957	1956
2154	2155	2056	2055
2253	2254	2155	2154
2352	2353	2254	2253
2451	2452	2353	2352
76	77	2530	2531
175	176	77	76
274	275	176	175
373	374	275	274
472	473	374	373
571	572	473	472
670	671	572	571
769	770	671	670
868	869	770	769
967	968	869	868
1066	1067	968	967
1165	1166	1067	1066
1264	1265	1166	1165
1363	1364	1265	1264
1462	1463	1364	1363
1561	1562	1463	1462
1660	1661	1562	1561
1759	1760	1661	1660
1858	1859	1760	1759
1957	1958	1859	1858
2056	2057	1958	1957
2155	2156	2057	2056
2254	2255	2156	2155
2353	2354	2255	2254
2452	2453	2354	2353
77	78	2529	2530
176	177	78	77
275	276	177	176
374	375	276	275
473	474	375	374
572	573	474	473
671	672	573	572
770	771	672	671
869	870	771	770
968	969	870	869
1067	1068	969	968
1166	1167	1068	1067
1265	1266	1167	1166
1364	1365	1266	1265
1463	1464	1365	1364
1562	1563	1464	1463
1661	1662	1563	1562
1760	1761	1662	1661
1859	1860	1761	1760
1958	1959	1860	1859
2057	2058	1959	1958
2156	2157	2058	2057
2255	2256	2157	2156
2354	2355	2256	2255
2453	2454	2355	2354
78	79	2528	2529
177	178	79	78
276	277	178	177
375	376	277	276
474	475	376	375
573	574	475	474
672	673	574	573
771	772	673	672
870	871	772	771
969	970	871	870
1068	1069	970	969
1167	1168	1069	1068
1266	1267	1168	1167
1365	1366	1267	1266
1464	1465	1366	1365
1563	1564	1465	1464
1662	1663	1564	1563
1761	1762	1663	1662
1860	1861	1762	1761
1959	1960	1861	1860
2058	2059	1960	1959
2157	2158	2059	2058
2256	2257	2158	2157
2355	2356	2257	2256
2454	2455	2356	2355
79	80	2527	2528
178	179	80	79
277	278	179	178
376	377	278	277
475	476	377	376
574	575	476	475
673	674	575	574
772	773	674	673
871	872	773	772
970	971	872	871
1069	1070	971	970
1168	1169	1070	1069
1267	1268	1169	1168
1366	1367	1268	1267
1465	1466	1367	1366
1564	1565	1466	1465
1663	1664	1565	1564
1762	1763	1664	1663
1861	1862	1763	1762
1960	1961	1862	1861
2059	2060	1961	1960
2158	2159	2060	2059
2257	2258	2159	2158
2356	2357	2258	2257
2455	2456	2357	2356
80	81	2526	2527
179	180	81	80
278	279	180	179
377	378	279	278
476	477	378	377
575	576	477	476
674	675	576	575
773	774	675	674
872	873	774	773
971	972	873	872
1070	1071	972	971
1169	1170	1071	1070
1268	1269	1170	1169
1367	1368	1269	1268
1466	1467	1368	1367
1565	1566	1467	1466
1664	1665	1566	1565
1763	1764	1665	1664
1862	1863	1764	1763
1961	1962	1863	1862
2060	2061	1962	1961
2159	2160	2061	2060
2258	2259	2160	2159
2357	2358	2259	2258
2456	2457	2358	2357
81	82	2525	2526
180	181	82	81
279	280	181	180
378	379	280	279
477	478	379	378
576	577	478	477
675	676	577	576
774	775	676	675
873	874	775	774
972	973	874	873
1071	1072	973	972
1170	1171	1072	1071
1269	1270	1171	1170
1368	1369	1270	1269
1467	1468	1369	1368
1566	1567	1468	1467
1665	1666	1567	1566
1764	1765	1666	1665
1863	1864	1765	1764
1962	1963	1864	1863
2061	2062	1963	1962
2160	2161	2062	2061
2259	2260	2161	2160
2358	2359	2260	2259
2457	2458	2359	2358
82	83	2524	2525
181	182	83	82
280	281	182	181
379	380	281	280
478	479	380	379
577	578	479	478
676	677	578	577
775	776	677	676
874	875	776	775
973	974	875	874
1072	1073	974	973
1171	1172	1073	1072
1270	1271	1172	1171
1369	1370	1271	1270
1468	1469	1370	1369
1567	1568	1469	1468
1666	1667	1568	1567
1765	1766	1667	1666
1864	1865	1766	1765
1963	1964	1865	1864
2062	2063	1964	1963
2161	2162	2063	2062
2260	2261	2162	2161
2359	2360	2261	2260
2458	2459	2360	2359
83	84	2523	2524
182	183	84	83
281	282	183	182
380	381	282	281
479	480	381	380
578	579	480	479
677	678	579	578
776	777	678	677
875	876	777	776
974	975	876	875
1073	1074	975	974
1172	1173	1074	1073
1271	1272	1173	1172
1370	1371	1272	1271
1469	1470	1371	1370
1568	1569	1470	1469
1667	1668	1569	1568
1766	1767	1668	1667
1865	1866	1767	1766
1964	1965	1866	1865
2063	2064	1965	1964
2162	2163	2064	2063
2261	2262	2163	2162
2360	2361	2262	2261
2459	2460	2361	2360
84	85	2522	2523
183	184	85	84
282	283	184	183
381	382	283	282
480	481	382	381
579	580	481	480
678	679	580	579
777	778	679	678
876	877	778	777
975	976	877	876
1074	1075	976	975
1173	1174	1075	1074
1272	1273	1174	1173
1371	1372	1273	1272
1470	1471	1372	1371
1569	1570	1471	1470
1668	1669	1570	1569
1767	1768	1669	1668
1866	1867	1768	1767
1965	1966	1867	1866
2064	2065	1966	1965
2163	2164	2065	2064
2262	2263	2164	2163
2361	2362	2263	2262
2460	2461	2362	2361
85	86	2521	2522
184	185	86	85
283	284	185	184
382	383	284	283
481	482	383	382
580	581	482	481
679	680	581	580
778	779	680	679
877	878	779	778
976	977	878	877
1075	1076	977	976
1174	1175	1076	1075
1273	1274	1175	1174
1372	1373	1274	1273
1471	1472	1373	1372
1570	1571	1472	1471
1669	1670	1571	1570
1768	1769	1670	1669
1867	1868	1769	1768
1966	1967	1868	1867
2065	2066	1967	1966
2164	2165	2066	2065
2263	2264	2165	2164
2362	2363	2264	2263
2461	2462	2363	2362
86	87	2520	2521
185	186	87	86
284	285	186	185
383	384	285	284
482	483	384	383
581	582	483	482
680	681	582	581
779	780	681	680
878	879	780	779
977	978	879	878
1076	1077	978	977
1175	1176	1077	1076
1274	1275	1176	1175
1373	1374	1275	1274
1472	1473	1374	1373
1571	1572	1473	1472
1670	1671	1572	1571
1769	1770	1671	1670
1868	1869	1770	1769
1967	1968	1869	1868
2066	2067	1968	1967
2165	2166	2067	2066
2264	2265	2166	2165
2363	2364	2265	2264
2462	2463	2364	2363
87	88	2519	2520
186	187	88	87
285	286	187	186
384	385	286	285
483	484	385	384
582	583	484	483
681	682	583	582
780	781	682	681
879	880	781	780
978	979	880	879
1077	1078	979	978
1176	1177	1078	1077
1275	1276	1177	1176
1374	1375	1276	1275
1473	1474	1375	1374
1572	1573	1474	1473
1671	1672	1573	1572
1770	1771	1672	1671
1869	1870	1771	1770
1968	1969	1870	1869
2067	2068	1969	1968
2166	2167	2068	2067
2265	2266	2167	2166
2364	2365	2266	2265
2463	2464	2365	2364
88	89	2518	2519
187	188	89	88
286	287	188	187
385	386	287	286
484	485	386	385
583	584	485	484
682	683	584	583
781	782	683	682
880	881	782	781
979	980	881	880
1078	1079	980	979
1177	1178	1079	1078
1276	1277	1178	1177
1375	1376	1277	1276
1474	1475	1376	1375
1573	1574	1475	1474
1672	1673	1574	1573
1771	1772	1673	1672
1870	1871	1772	1771
1969	1970	1871	1870
2068	2069	1970	1969
2167	2168	2069	2068
2266	2267	2168	2167
2365	2366	2267	2266
2464	2465	2366	2365
89	90	2517	2518
188	189	90	89
287	288	189	188
386	387	288	287
485	486	387	386
584	585	486	485
683	684	585	584
782	783	684	683
881	882	783	782
980	981	882	881
1079	1080	981	980
1178	1179	1080	1079
1277	1278	1179	1178
1376	1377	1278	1277
1475	1476	1377	1376
1574	1575	1476	1475
1673	1674	1575	1574
1772	1773	1674	1673
1871	1872	1773	1772
1970	1971	1872	1871
2069	2070	1971	1970
2168	2169	2070	2069
2267	2268	2169	2168
2366	2367	2268	2267
2465	2466	2367	2366
90	91	2516	2517
189	190	91	90
288	289	190	189
387	388	289	288
486	487	388	387
585	586	487	486
684	685	586	585
783	784	685	684
882	883	784	783
981	982	883	882
1080	1081	982	981
1179	1180	1081	1080
1278	1279	1180	1179
1377	1378	1279	1278
1476	1477	1378	1377
1575	1576	1477	1476
1674	1675	1576	1575
1773	1774	1675	1674
1872	1873	1774	1773
1971	1972	1873	1872
2070	2071	1972	1971
2169	2170	2071	2070
2268	2269	2170	2169
2367	2368	2269	2268
2466	2467	2368	2367
91	92	2515	2516
190	191	92	91
289	290	191	190
388	389	290	289
487	488	389	388
586	587	488	487
685	686	587	586
784	785	686	685
883	884	785	784
982	983	884	883
1081	1082	983	982
1180	1181	1082	1081
1279	1280	1181	1180
1378	1379	1280	1279
1477	1478	1379	1378
1576	1577	1478	1477
1675	1676	1577	1576
1774	1775	1676	1675
1873	1874	1775	1774
1972	1973	1874	1873
2071	2072	1973	1972
2170	2171	2072	2071
2269	2270	2171	2170
2368	2369	2270	2269
2467	2468	2369	2368
92	93	2514	2515
191	192	93	92
290	291	192	191
389	390	291	290
488	489	390	389
587	588	489	488
686	687	588	587
785	786	687	686
884	885	786	785
983	984	885	884
1082	1083	984	983
1181	1182	1083	1082
1280	1281	1182	1181
1379	1380	1281	1280
1478	1479	1380	1379
1577	1578	1479	1478
1676	1677	1578	1577
1775	1776	1677	1676
1874	1875	1776	1775
1973	1974	1875	1874
2072	2073	1974	1973
2171	2172	2073	2072
2270	2271	2172	2171
2369	2370	2271	2270
2468	2469	2370	2369
93	94	2513	2514
192	193	94	93
291	292	193	192
390	391	292	291
489	490	391	390
588	589	490	489
687	688	589	588
786	787	688	687
885	886	787	786
984	985	886	885
1083	1084	985	984
1182	1183	1084	1083
1281	1282	1183	1182
1380	1381	1282	1281
1479	1480	1381	1380
1578	1579	1480	1479
1677	1678	1579	1578
1776	1777	1678	1677
1875	1876	1777	1776
1974	1975	1876	1875
2073	2074	1975	1974
2172	2173	2074	2073
2271	2272	2173	2172
2370	2371	2272	2271
2469	2470	2371	2370
94	95	2512	2513
193	194	95	94
292	293	194	193
391	392	293	292
490	491	392	391
589	590	491	490
688	689	590	589
787	788	689	688
886	887	788	787
985	986	887	886
1084	1085	986	985
1183	1184	1085	1084
1282	1283	1184	1183
1381	1382	1283	1282
1480	1481	1382	1381
1579	1580	1481	1480
1678	1679	1580	1579
1777	1778	1679	1678
1876	1877	1778	1777
1975	1976	1877	1876
2074	2075	1976	1975
2173	2174	2075	2074
2272	2273	2174	2173
2371	2372	2273	2272
2470	2471	2372	2371
95	96	2511	2512
194	195	96	95
293	294	195	194
392	393	294	293
491	492	393	392
590	591	492	491
689	690	591	590
788	789	690	689
887	888	789	788
986	987	888	887
1085	1086	987	986
1184	1185	1086	1085
1283	1284	1185	1184
1382	1383	1284	1283
1481	1482	1383	1382
1580	1581	1482	1481
1679	1680	1581	1580
1778	1779	1680	1679
1877	1878	1779	1778
1976	1977	1878	1877
2075	2076	1977	1976
2174	2175	2076	2075
2273	2274	2175	2174
2372	2373	2274	2273
2471	2472	2373	2372
96	97	2510	2511
195	196	97	96
294	295	196	195
393	394	295	294
492	493	394	393
591	592	493	492
690	691	592	591
789	790	691	690
888	889	790	789
987	988	889	888
1086	1087	988	987
1185	1186	1087	1086
1284	1285	1186	1185
1383	1384	1285	1284
1482	1483	1384	1383
1581	1582	1483	1482
1680	1681	1582	1581
1779	1780	1681	1680
1878	1879	1780	1779
1977	1978	1879	1878
2076	2077	1978	1977
2175	2176	2077	2076
2274	2275	2176	2175
2373	2374	2275	2274
2472	2473	2374	2373
97	98	2509	2510
196	197	98	97
295	296	197	196
394	395	296	295
493	494	395	394
592	593	494	493
691	692	593	592
790	791	692	691
889	890	791	790
988	989	890	889
1087	1088	989	988
1186	1187	1088	1087
1285	1286	1187	1186
1384	1385	1286	1285
1483	1484	1385	1384
1582	1583	1484	1483
1681	1682	1583	1582
1780	1781	1682	1681
1879	1880	1781	1780
1978	1979	1880	1879
2077	2078	1979	1978
2176	2177	2078	2077
2275	2276	2177	2176
2374	2375	2276	2275
2473	2474	2375	2374
98	99	2508	2509
197	198	99	98
296	297	198	197
395	396	297	296
494	495	396	395
593	594	495	494
692	693	594	593
791	792	693	692
890	891	792	791
989	990	891	890
1088	1089	990	989
1187	1188	1089	1088
1286	1287	1188	1187
1385	1386	1287	1286
1484	1485	1386	1385
1583	1584	1485	1484
1682	1683	1584	1583
1781	1782	1683	1682
1880	1881	1782	1781
1979	1980	1881	1880
2078	2079	1980	1979
2177	2178	2079	2078
2276	2277	2178	2177
2375	2376	2277	2276
2474	2475	2376	2375
99	100	2507	2508
198	199	100	99
297	298	199	198
396	397	298	297
495	496	397	396
594	595	496	495
693	694	595	594
792	793	694	693
891	892	793	792
990	991	892	891
1089	1090	991	990
1188	1189	1090	1089
1287	1288	1189	1188
1386	1387	1288	1287
1485	1486	1387	1386
1584	1585	1486	1485
1683	1684	1585	1584
1782	1783	1684	1683
1881	1882	1783	1782
1980	1981	1882	1881
2079	2080	1981	1980
2178	2179	2080	2079
2277	2278	2179	2178
2376	2377	2278	2277
2475	2476	2377	2376
100	101	2506	2507
199	200	101	100
298	299	200	199
397	398	299	298
496	497	398	397
595	596	497	496
694	695	596	595
793	794	695	694
892	893	794	793
991	992	893	892
1090	1091	992	991
1189	1190	1091	1090
1288	1289	1190	1189
1387	1388	1289	1288
1486	1487	1388	1387
1585	1586	1487	1486
1684	1685	1586	1585
1783	1784	1685	1684
1882	1883	1784	1783
1981	1982	1883	1882
2080	2081	1982	1981
2179	2180	2081	2080
2278	2279	2180	2179
2377	2378	2279	2278
2476	2477	2378	2377
101	102	2505	2506
200	201	102	101
299	300	201	200
398	399	300	299
497	498	399	398
596	597	498	497
695	696	597	596
794	795	696	695
893	894	795	794
992	993	894	893
1091	1092	993	992
1190	1191	1092	1091
1289	1290	1191	1190
1388	1389	1290	1289
1487	1488	1389	1388
1586	1587	1488	1487
1685	1686	1587	1586
1784	1785	1686	1685
1883	1884	1785	1784
1982	1983	1884	1883
2081	2082	1983	1982
2180	2181	2082	2081
2279	2280	2181	2180
2378	2379	2280	2279
2477	2478	2379	2378
102	103	2504	2505
201	202	103	102
300	301	202	201
399	400	301	300
498	499	400	399
597	598	499	498
696	697	598	597
795	796	697	696
894	895	796	795
993	994	895	894
1092	1093	994	993
1191	1192	1093	1092
1290	1291	1192	1191
1389	1390	1291	1290
1488	1489	1390	1389
1587	1588	1489	1488
1686	1687	1588	1587
1785	1786	1687	1686
1884	1885	1786	1785
1983	1984	1885	1884
2082	2083	1984	1983
2181	2182	2083	2082
2280	2281	2182	2181
2379	2380	2281	2280
2478	2479	2380	2379
103	2626	2	2504
202	2625	2626	103
301	2624	2625	202
400	2623	2624	301
499	2622	2623	400
598	2621	2622	499
697	2620	2621	598
796	2619	2620	697
895	2618	2619	796
994	2617	2618	895
1093	2616	2617	994
1192	2615	2616	1093
1291	2614	2615	1192
1390	2613	2614	1291
1489	2612	2613	1390
1588	2611	2612	1489
1687	2610	2611	1588
1786	2609	2610	1687
1885	2608	2609	1786
1984	2607	2608	1885
2083	2606	2607	1984
2182	2605	2606	2083
2281	2604	2605	2182
2380	2603	2604	2281
2479	1	2603	2380
