#           Node coordinates        #
2626
# |   CX   |   CY   | Cz (only3D) | #
0.00	250.00	0.00
0.00	0.00	0.00
1000.00	0.00	0.00
1000.00	250.00	0.00
990.00	10.02	0.00
980.00	10.02	0.00
970.00	10.02	0.00
960.00	10.02	0.00
950.00	10.02	0.00
940.00	10.02	0.00
930.00	10.02	0.00
920.00	10.02	0.00
910.00	10.02	0.00
900.00	10.02	0.00
890.00	10.02	0.00
880.00	10.02	0.00
870.00	10.02	0.00
860.00	10.02	0.00
850.00	10.02	0.00
840.00	10.02	0.00
830.00	10.02	0.00
820.00	10.02	0.00
810.00	10.02	0.00
800.00	10.02	0.00
790.00	10.02	0.00
780.00	10.02	0.00
770.00	10.02	0.00
760.00	10.02	0.00
750.00	10.02	0.00
740.00	10.02	0.00
730.00	10.02	0.00
720.00	10.02	0.00
710.00	10.02	0.00
700.00	10.02	0.00
690.00	10.02	0.00
680.00	10.02	0.00
670.00	10.02	0.00
660.00	10.02	0.00
650.00	10.02	0.00
640.00	10.02	0.00
630.00	10.02	0.00
620.00	10.02	0.00
610.00	10.02	0.00
600.00	10.02	0.00
590.00	10.02	0.00
580.00	10.02	0.00
570.00	10.02	0.00
560.00	10.02	0.00
550.00	10.02	0.00
540.00	10.02	0.00
530.00	10.02	0.00
520.00	10.02	0.00
510.00	10.02	0.00
500.00	10.02	0.00
490.00	10.02	0.00
480.00	10.02	0.00
470.00	10.02	0.00
460.00	10.02	0.00
450.00	10.02	0.00
440.00	10.02	0.00
430.00	10.02	0.00
420.00	10.02	0.00
410.00	10.02	0.00
400.00	10.02	0.00
390.00	10.02	0.00
380.00	10.02	0.00
370.00	10.02	0.00
360.00	10.02	0.00
350.00	10.02	0.00
340.00	10.02	0.00
330.00	10.02	0.00
320.00	10.02	0.00
310.00	10.02	0.00
300.00	10.02	0.00
290.00	10.02	0.00
280.00	10.02	0.00
270.00	10.02	0.00
260.00	10.02	0.00
250.00	10.02	0.00
240.00	10.02	0.00
230.00	10.02	0.00
220.00	10.02	0.00
210.00	10.02	0.00
200.00	10.02	0.00
190.00	10.02	0.00
180.00	10.02	0.00
170.00	10.02	0.00
160.00	10.02	0.00
150.00	10.02	0.00
140.00	10.02	0.00
130.00	10.02	0.00
120.00	10.02	0.00
110.00	10.02	0.00
100.00	10.02	0.00
90.00	10.02	0.00
80.00	10.02	0.00
70.00	10.02	0.00
60.00	10.02	0.00
50.00	10.02	0.00
40.00	10.02	0.00
30.00	10.02	0.00
20.00	10.02	0.00
10.00	10.02	0.00
990.00	20.02	0.00
980.00	20.02	0.00
970.00	20.02	0.00
960.00	20.02	0.00
950.00	20.02	0.00
940.00	20.02	0.00
930.00	20.02	0.00
920.00	20.02	0.00
910.00	20.02	0.00
900.00	20.02	0.00
890.00	20.02	0.00
880.00	20.02	0.00
870.00	20.02	0.00
860.00	20.02	0.00
850.00	20.02	0.00
840.00	20.02	0.00
830.00	20.02	0.00
820.00	20.02	0.00
810.00	20.02	0.00
800.00	20.02	0.00
790.00	20.02	0.00
780.00	20.02	0.00
770.00	20.02	0.00
760.00	20.02	0.00
750.00	20.02	0.00
740.00	20.02	0.00
730.00	20.02	0.00
720.00	20.02	0.00
710.00	20.02	0.00
700.00	20.02	0.00
690.00	20.02	0.00
680.00	20.02	0.00
670.00	20.02	0.00
660.00	20.02	0.00
650.00	20.02	0.00
640.00	20.02	0.00
630.00	20.02	0.00
620.00	20.02	0.00
610.00	20.02	0.00
600.00	20.02	0.00
590.00	20.02	0.00
580.00	20.02	0.00
570.00	20.02	0.00
560.00	20.02	0.00
550.00	20.02	0.00
540.00	20.02	0.00
530.00	20.02	0.00
520.00	20.02	0.00
510.00	20.02	0.00
500.00	20.02	0.00
490.00	20.02	0.00
480.00	20.02	0.00
470.00	20.02	0.00
460.00	20.02	0.00
450.00	20.02	0.00
440.00	20.02	0.00
430.00	20.02	0.00
420.00	20.02	0.00
410.00	20.02	0.00
400.00	20.02	0.00
390.00	20.02	0.00
380.00	20.02	0.00
370.00	20.02	0.00
360.00	20.02	0.00
350.00	20.02	0.00
340.00	20.02	0.00
330.00	20.02	0.00
320.00	20.02	0.00
310.00	20.02	0.00
300.00	20.02	0.00
290.00	20.02	0.00
280.00	20.02	0.00
270.00	20.02	0.00
260.00	20.02	0.00
250.00	20.02	0.00
240.00	20.02	0.00
230.00	20.02	0.00
220.00	20.02	0.00
210.00	20.02	0.00
200.00	20.02	0.00
190.00	20.02	0.00
180.00	20.02	0.00
170.00	20.02	0.00
160.00	20.02	0.00
150.00	20.02	0.00
140.00	20.02	0.00
130.00	20.02	0.00
120.00	20.02	0.00
110.00	20.02	0.00
100.00	20.02	0.00
90.00	20.02	0.00
80.00	20.02	0.00
70.00	20.02	0.00
60.00	20.02	0.00
50.00	20.02	0.00
40.00	20.02	0.00
30.00	20.02	0.00
20.00	20.02	0.00
10.00	20.02	0.00
990.00	30.01	0.00
980.00	30.01	0.00
970.00	30.01	0.00
960.00	30.01	0.00
950.00	30.01	0.00
940.00	30.01	0.00
930.00	30.01	0.00
920.00	30.01	0.00
910.00	30.01	0.00
900.00	30.01	0.00
890.00	30.01	0.00
880.00	30.01	0.00
870.00	30.01	0.00
860.00	30.01	0.00
850.00	30.01	0.00
840.00	30.01	0.00
830.00	30.01	0.00
820.00	30.01	0.00
810.00	30.01	0.00
800.00	30.01	0.00
790.00	30.01	0.00
780.00	30.01	0.00
770.00	30.01	0.00
760.00	30.01	0.00
750.00	30.01	0.00
740.00	30.01	0.00
730.00	30.01	0.00
720.00	30.01	0.00
710.00	30.01	0.00
700.00	30.01	0.00
690.00	30.01	0.00
680.00	30.01	0.00
670.00	30.01	0.00
660.00	30.01	0.00
650.00	30.01	0.00
640.00	30.01	0.00
630.00	30.01	0.00
620.00	30.01	0.00
610.00	30.01	0.00
600.00	30.01	0.00
590.00	30.01	0.00
580.00	30.01	0.00
570.00	30.01	0.00
560.00	30.01	0.00
550.00	30.01	0.00
540.00	30.01	0.00
530.00	30.01	0.00
520.00	30.01	0.00
510.00	30.01	0.00
500.00	30.01	0.00
490.00	30.01	0.00
480.00	30.01	0.00
470.00	30.01	0.00
460.00	30.01	0.00
450.00	30.01	0.00
440.00	30.01	0.00
430.00	30.01	0.00
420.00	30.01	0.00
410.00	30.01	0.00
400.00	30.01	0.00
390.00	30.01	0.00
380.00	30.01	0.00
370.00	30.01	0.00
360.00	30.01	0.00
350.00	30.01	0.00
340.00	30.01	0.00
330.00	30.01	0.00
320.00	30.01	0.00
310.00	30.01	0.00
300.00	30.01	0.00
290.00	30.01	0.00
280.00	30.01	0.00
270.00	30.01	0.00
260.00	30.01	0.00
250.00	30.01	0.00
240.00	30.01	0.00
230.00	30.01	0.00
220.00	30.01	0.00
210.00	30.01	0.00
200.00	30.01	0.00
190.00	30.01	0.00
180.00	30.01	0.00
170.00	30.01	0.00
160.00	30.01	0.00
150.00	30.01	0.00
140.00	30.01	0.00
130.00	30.01	0.00
120.00	30.01	0.00
110.00	30.01	0.00
100.00	30.01	0.00
90.00	30.01	0.00
80.00	30.01	0.00
70.00	30.01	0.00
60.00	30.01	0.00
50.00	30.01	0.00
40.00	30.01	0.00
30.00	30.01	0.00
20.00	30.01	0.00
10.00	30.01	0.00
990.00	40.01	0.00
980.00	40.01	0.00
970.00	40.01	0.00
960.00	40.01	0.00
950.00	40.01	0.00
940.00	40.01	0.00
930.00	40.01	0.00
920.00	40.01	0.00
910.00	40.01	0.00
900.00	40.01	0.00
890.00	40.01	0.00
880.00	40.01	0.00
870.00	40.01	0.00
860.00	40.01	0.00
850.00	40.01	0.00
840.00	40.01	0.00
830.00	40.01	0.00
820.00	40.01	0.00
810.00	40.01	0.00
800.00	40.01	0.00
790.00	40.01	0.00
780.00	40.01	0.00
770.00	40.01	0.00
760.00	40.01	0.00
750.00	40.01	0.00
740.00	40.01	0.00
730.00	40.01	0.00
720.00	40.01	0.00
710.00	40.01	0.00
700.00	40.01	0.00
690.00	40.01	0.00
680.00	40.01	0.00
670.00	40.01	0.00
660.00	40.01	0.00
650.00	40.01	0.00
640.00	40.01	0.00
630.00	40.01	0.00
620.00	40.01	0.00
610.00	40.01	0.00
600.00	40.01	0.00
590.00	40.01	0.00
580.00	40.01	0.00
570.00	40.01	0.00
560.00	40.01	0.00
550.00	40.01	0.00
540.00	40.01	0.00
530.00	40.01	0.00
520.00	40.01	0.00
510.00	40.01	0.00
500.00	40.01	0.00
490.00	40.01	0.00
480.00	40.01	0.00
470.00	40.01	0.00
460.00	40.01	0.00
450.00	40.01	0.00
440.00	40.01	0.00
430.00	40.01	0.00
420.00	40.01	0.00
410.00	40.01	0.00
400.00	40.01	0.00
390.00	40.01	0.00
380.00	40.01	0.00
370.00	40.01	0.00
360.00	40.01	0.00
350.00	40.01	0.00
340.00	40.01	0.00
330.00	40.01	0.00
320.00	40.01	0.00
310.00	40.01	0.00
300.00	40.01	0.00
290.00	40.01	0.00
280.00	40.01	0.00
270.00	40.01	0.00
260.00	40.01	0.00
250.00	40.01	0.00
240.00	40.01	0.00
230.00	40.01	0.00
220.00	40.01	0.00
210.00	40.01	0.00
200.00	40.01	0.00
190.00	40.01	0.00
180.00	40.01	0.00
170.00	40.01	0.00
160.00	40.01	0.00
150.00	40.01	0.00
140.00	40.01	0.00
130.00	40.01	0.00
120.00	40.01	0.00
110.00	40.01	0.00
100.00	40.01	0.00
90.00	40.01	0.00
80.00	40.01	0.00
70.00	40.01	0.00
60.00	40.01	0.00
50.00	40.01	0.00
40.00	40.01	0.00
30.00	40.01	0.00
20.00	40.01	0.00
10.00	40.01	0.00
990.00	50.01	0.00
980.00	50.01	0.00
970.00	50.01	0.00
960.00	50.01	0.00
950.00	50.01	0.00
940.00	50.01	0.00
930.00	50.01	0.00
920.00	50.01	0.00
910.00	50.01	0.00
900.00	50.01	0.00
890.00	50.01	0.00
880.00	50.01	0.00
870.00	50.01	0.00
860.00	50.01	0.00
850.00	50.01	0.00
840.00	50.01	0.00
830.00	50.01	0.00
820.00	50.01	0.00
810.00	50.01	0.00
800.00	50.01	0.00
790.00	50.01	0.00
780.00	50.01	0.00
770.00	50.01	0.00
760.00	50.01	0.00
750.00	50.01	0.00
740.00	50.01	0.00
730.00	50.01	0.00
720.00	50.01	0.00
710.00	50.01	0.00
700.00	50.01	0.00
690.00	50.01	0.00
680.00	50.01	0.00
670.00	50.01	0.00
660.00	50.01	0.00
650.00	50.01	0.00
640.00	50.01	0.00
630.00	50.01	0.00
620.00	50.01	0.00
610.00	50.01	0.00
600.00	50.01	0.00
590.00	50.01	0.00
580.00	50.01	0.00
570.00	50.01	0.00
560.00	50.01	0.00
550.00	50.01	0.00
540.00	50.01	0.00
530.00	50.01	0.00
520.00	50.01	0.00
510.00	50.01	0.00
500.00	50.01	0.00
490.00	50.01	0.00
480.00	50.01	0.00
470.00	50.01	0.00
460.00	50.01	0.00
450.00	50.01	0.00
440.00	50.01	0.00
430.00	50.01	0.00
420.00	50.01	0.00
410.00	50.01	0.00
400.00	50.01	0.00
390.00	50.01	0.00
380.00	50.01	0.00
370.00	50.01	0.00
360.00	50.01	0.00
350.00	50.01	0.00
340.00	50.01	0.00
330.00	50.01	0.00
320.00	50.01	0.00
310.00	50.01	0.00
300.00	50.01	0.00
290.00	50.01	0.00
280.00	50.01	0.00
270.00	50.01	0.00
260.00	50.01	0.00
250.00	50.01	0.00
240.00	50.01	0.00
230.00	50.01	0.00
220.00	50.01	0.00
210.00	50.01	0.00
200.00	50.01	0.00
190.00	50.01	0.00
180.00	50.01	0.00
170.00	50.01	0.00
160.00	50.01	0.00
150.00	50.01	0.00
140.00	50.01	0.00
130.00	50.01	0.00
120.00	50.01	0.00
110.00	50.01	0.00
100.00	50.01	0.00
90.00	50.01	0.00
80.00	50.01	0.00
70.00	50.01	0.00
60.00	50.01	0.00
50.00	50.01	0.00
40.00	50.01	0.00
30.00	50.01	0.00
20.00	50.01	0.00
10.00	50.01	0.00
990.00	60.01	0.00
980.00	60.01	0.00
970.00	60.01	0.00
960.00	60.01	0.00
950.00	60.01	0.00
940.00	60.01	0.00
930.00	60.01	0.00
920.00	60.01	0.00
910.00	60.01	0.00
900.00	60.01	0.00
890.00	60.01	0.00
880.00	60.01	0.00
870.00	60.01	0.00
860.00	60.01	0.00
850.00	60.01	0.00
840.00	60.01	0.00
830.00	60.01	0.00
820.00	60.01	0.00
810.00	60.01	0.00
800.00	60.01	0.00
790.00	60.01	0.00
780.00	60.01	0.00
770.00	60.01	0.00
760.00	60.01	0.00
750.00	60.01	0.00
740.00	60.01	0.00
730.00	60.01	0.00
720.00	60.01	0.00
710.00	60.01	0.00
700.00	60.01	0.00
690.00	60.01	0.00
680.00	60.01	0.00
670.00	60.01	0.00
660.00	60.01	0.00
650.00	60.01	0.00
640.00	60.01	0.00
630.00	60.01	0.00
620.00	60.01	0.00
610.00	60.01	0.00
600.00	60.01	0.00
590.00	60.01	0.00
580.00	60.01	0.00
570.00	60.01	0.00
560.00	60.01	0.00
550.00	60.01	0.00
540.00	60.01	0.00
530.00	60.01	0.00
520.00	60.01	0.00
510.00	60.01	0.00
500.00	60.01	0.00
490.00	60.01	0.00
480.00	60.01	0.00
470.00	60.01	0.00
460.00	60.01	0.00
450.00	60.01	0.00
440.00	60.01	0.00
430.00	60.01	0.00
420.00	60.01	0.00
410.00	60.01	0.00
400.00	60.01	0.00
390.00	60.01	0.00
380.00	60.01	0.00
370.00	60.01	0.00
360.00	60.01	0.00
350.00	60.01	0.00
340.00	60.01	0.00
330.00	60.01	0.00
320.00	60.01	0.00
310.00	60.01	0.00
300.00	60.01	0.00
290.00	60.01	0.00
280.00	60.01	0.00
270.00	60.01	0.00
260.00	60.01	0.00
250.00	60.01	0.00
240.00	60.01	0.00
230.00	60.01	0.00
220.00	60.01	0.00
210.00	60.01	0.00
200.00	60.01	0.00
190.00	60.01	0.00
180.00	60.01	0.00
170.00	60.01	0.00
160.00	60.01	0.00
150.00	60.01	0.00
140.00	60.01	0.00
130.00	60.01	0.00
120.00	60.01	0.00
110.00	60.01	0.00
100.00	60.01	0.00
90.00	60.01	0.00
80.00	60.01	0.00
70.00	60.01	0.00
60.00	60.01	0.00
50.00	60.01	0.00
40.00	60.01	0.00
30.00	60.01	0.00
20.00	60.01	0.00
10.00	60.01	0.00
990.00	70.01	0.00
980.00	70.01	0.00
970.00	70.01	0.00
960.00	70.01	0.00
950.00	70.01	0.00
940.00	70.01	0.00
930.00	70.01	0.00
920.00	70.01	0.00
910.00	70.01	0.00
900.00	70.01	0.00
890.00	70.01	0.00
880.00	70.01	0.00
870.00	70.01	0.00
860.00	70.01	0.00
850.00	70.01	0.00
840.00	70.01	0.00
830.00	70.01	0.00
820.00	70.01	0.00
810.00	70.01	0.00
800.00	70.01	0.00
790.00	70.01	0.00
780.00	70.01	0.00
770.00	70.01	0.00
760.00	70.01	0.00
750.00	70.01	0.00
740.00	70.01	0.00
730.00	70.01	0.00
720.00	70.01	0.00
710.00	70.01	0.00
700.00	70.01	0.00
690.00	70.01	0.00
680.00	70.01	0.00
670.00	70.01	0.00
660.00	70.01	0.00
650.00	70.01	0.00
640.00	70.01	0.00
630.00	70.01	0.00
620.00	70.01	0.00
610.00	70.01	0.00
600.00	70.01	0.00
590.00	70.01	0.00
580.00	70.01	0.00
570.00	70.01	0.00
560.00	70.01	0.00
550.00	70.01	0.00
540.00	70.01	0.00
530.00	70.01	0.00
520.00	70.01	0.00
510.00	70.01	0.00
500.00	70.01	0.00
490.00	70.01	0.00
480.00	70.01	0.00
470.00	70.01	0.00
460.00	70.01	0.00
450.00	70.01	0.00
440.00	70.01	0.00
430.00	70.01	0.00
420.00	70.01	0.00
410.00	70.01	0.00
400.00	70.01	0.00
390.00	70.01	0.00
380.00	70.01	0.00
370.00	70.01	0.00
360.00	70.01	0.00
350.00	70.01	0.00
340.00	70.01	0.00
330.00	70.01	0.00
320.00	70.01	0.00
310.00	70.01	0.00
300.00	70.01	0.00
290.00	70.01	0.00
280.00	70.01	0.00
270.00	70.01	0.00
260.00	70.01	0.00
250.00	70.01	0.00
240.00	70.01	0.00
230.00	70.01	0.00
220.00	70.01	0.00
210.00	70.01	0.00
200.00	70.01	0.00
190.00	70.01	0.00
180.00	70.01	0.00
170.00	70.01	0.00
160.00	70.01	0.00
150.00	70.01	0.00
140.00	70.01	0.00
130.00	70.01	0.00
120.00	70.01	0.00
110.00	70.01	0.00
100.00	70.01	0.00
90.00	70.01	0.00
80.00	70.01	0.00
70.00	70.01	0.00
60.00	70.01	0.00
50.00	70.01	0.00
40.00	70.01	0.00
30.00	70.01	0.00
20.00	70.01	0.00
10.00	70.01	0.00
990.00	80.01	0.00
980.00	80.01	0.00
970.00	80.01	0.00
960.00	80.01	0.00
950.00	80.01	0.00
940.00	80.01	0.00
930.00	80.01	0.00
920.00	80.01	0.00
910.00	80.01	0.00
900.00	80.01	0.00
890.00	80.01	0.00
880.00	80.01	0.00
870.00	80.01	0.00
860.00	80.01	0.00
850.00	80.01	0.00
840.00	80.01	0.00
830.00	80.01	0.00
820.00	80.01	0.00
810.00	80.01	0.00
800.00	80.01	0.00
790.00	80.01	0.00
780.00	80.01	0.00
770.00	80.01	0.00
760.00	80.01	0.00
750.00	80.01	0.00
740.00	80.01	0.00
730.00	80.01	0.00
720.00	80.01	0.00
710.00	80.01	0.00
700.00	80.01	0.00
690.00	80.01	0.00
680.00	80.01	0.00
670.00	80.01	0.00
660.00	80.01	0.00
650.00	80.01	0.00
640.00	80.01	0.00
630.00	80.01	0.00
620.00	80.01	0.00
610.00	80.01	0.00
600.00	80.01	0.00
590.00	80.01	0.00
580.00	80.01	0.00
570.00	80.01	0.00
560.00	80.01	0.00
550.00	80.01	0.00
540.00	80.01	0.00
530.00	80.01	0.00
520.00	80.01	0.00
510.00	80.01	0.00
500.00	80.01	0.00
490.00	80.01	0.00
480.00	80.01	0.00
470.00	80.01	0.00
460.00	80.01	0.00
450.00	80.01	0.00
440.00	80.01	0.00
430.00	80.01	0.00
420.00	80.01	0.00
410.00	80.01	0.00
400.00	80.01	0.00
390.00	80.01	0.00
380.00	80.01	0.00
370.00	80.01	0.00
360.00	80.01	0.00
350.00	80.01	0.00
340.00	80.01	0.00
330.00	80.01	0.00
320.00	80.01	0.00
310.00	80.01	0.00
300.00	80.01	0.00
290.00	80.01	0.00
280.00	80.01	0.00
270.00	80.01	0.00
260.00	80.01	0.00
250.00	80.01	0.00
240.00	80.01	0.00
230.00	80.01	0.00
220.00	80.01	0.00
210.00	80.01	0.00
200.00	80.01	0.00
190.00	80.01	0.00
180.00	80.01	0.00
170.00	80.01	0.00
160.00	80.01	0.00
150.00	80.01	0.00
140.00	80.01	0.00
130.00	80.01	0.00
120.00	80.01	0.00
110.00	80.01	0.00
100.00	80.01	0.00
90.00	80.01	0.00
80.00	80.01	0.00
70.00	80.01	0.00
60.00	80.01	0.00
50.00	80.01	0.00
40.00	80.01	0.00
30.00	80.01	0.00
20.00	80.01	0.00
10.00	80.01	0.00
990.00	90.01	0.00
980.00	90.01	0.00
970.00	90.01	0.00
960.00	90.01	0.00
950.00	90.01	0.00
940.00	90.01	0.00
930.00	90.01	0.00
920.00	90.01	0.00
910.00	90.01	0.00
900.00	90.01	0.00
890.00	90.01	0.00
880.00	90.01	0.00
870.00	90.01	0.00
860.00	90.01	0.00
850.00	90.01	0.00
840.00	90.01	0.00
830.00	90.01	0.00
820.00	90.01	0.00
810.00	90.01	0.00
800.00	90.01	0.00
790.00	90.01	0.00
780.00	90.01	0.00
770.00	90.01	0.00
760.00	90.01	0.00
750.00	90.01	0.00
740.00	90.01	0.00
730.00	90.01	0.00
720.00	90.01	0.00
710.00	90.01	0.00
700.00	90.01	0.00
690.00	90.01	0.00
680.00	90.01	0.00
670.00	90.01	0.00
660.00	90.01	0.00
650.00	90.01	0.00
640.00	90.01	0.00
630.00	90.01	0.00
620.00	90.01	0.00
610.00	90.01	0.00
600.00	90.01	0.00
590.00	90.01	0.00
580.00	90.01	0.00
570.00	90.01	0.00
560.00	90.01	0.00
550.00	90.01	0.00
540.00	90.01	0.00
530.00	90.01	0.00
520.00	90.01	0.00
510.00	90.01	0.00
500.00	90.01	0.00
490.00	90.01	0.00
480.00	90.01	0.00
470.00	90.01	0.00
460.00	90.01	0.00
450.00	90.01	0.00
440.00	90.01	0.00
430.00	90.01	0.00
420.00	90.01	0.00
410.00	90.01	0.00
400.00	90.01	0.00
390.00	90.01	0.00
380.00	90.01	0.00
370.00	90.01	0.00
360.00	90.01	0.00
350.00	90.01	0.00
340.00	90.01	0.00
330.00	90.01	0.00
320.00	90.01	0.00
310.00	90.01	0.00
300.00	90.01	0.00
290.00	90.01	0.00
280.00	90.01	0.00
270.00	90.01	0.00
260.00	90.01	0.00
250.00	90.01	0.00
240.00	90.01	0.00
230.00	90.01	0.00
220.00	90.01	0.00
210.00	90.01	0.00
200.00	90.01	0.00
190.00	90.01	0.00
180.00	90.01	0.00
170.00	90.01	0.00
160.00	90.01	0.00
150.00	90.01	0.00
140.00	90.01	0.00
130.00	90.01	0.00
120.00	90.01	0.00
110.00	90.01	0.00
100.00	90.01	0.00
90.00	90.01	0.00
80.00	90.01	0.00
70.00	90.01	0.00
60.00	90.01	0.00
50.00	90.01	0.00
40.00	90.01	0.00
30.00	90.01	0.00
20.00	90.01	0.00
10.00	90.01	0.00
990.00	100.00	0.00
980.00	100.00	0.00
970.00	100.00	0.00
960.00	100.00	0.00
950.00	100.00	0.00
940.00	100.00	0.00
930.00	100.00	0.00
920.00	100.00	0.00
910.00	100.00	0.00
900.00	100.00	0.00
890.00	100.00	0.00
880.00	100.00	0.00
870.00	100.00	0.00
860.00	100.00	0.00
850.00	100.00	0.00
840.00	100.00	0.00
830.00	100.00	0.00
820.00	100.00	0.00
810.00	100.00	0.00
800.00	100.00	0.00
790.00	100.00	0.00
780.00	100.00	0.00
770.00	100.00	0.00
760.00	100.00	0.00
750.00	100.00	0.00
740.00	100.00	0.00
730.00	100.00	0.00
720.00	100.00	0.00
710.00	100.00	0.00
700.00	100.00	0.00
690.00	100.00	0.00
680.00	100.00	0.00
670.00	100.00	0.00
660.00	100.00	0.00
650.00	100.00	0.00
640.00	100.00	0.00
630.00	100.00	0.00
620.00	100.00	0.00
610.00	100.00	0.00
600.00	100.00	0.00
590.00	100.00	0.00
580.00	100.00	0.00
570.00	100.00	0.00
560.00	100.00	0.00
550.00	100.00	0.00
540.00	100.00	0.00
530.00	100.00	0.00
520.00	100.00	0.00
510.00	100.00	0.00
500.00	100.00	0.00
490.00	100.00	0.00
480.00	100.00	0.00
470.00	100.00	0.00
460.00	100.00	0.00
450.00	100.00	0.00
440.00	100.00	0.00
430.00	100.00	0.00
420.00	100.00	0.00
410.00	100.00	0.00
400.00	100.00	0.00
390.00	100.00	0.00
380.00	100.00	0.00
370.00	100.00	0.00
360.00	100.00	0.00
350.00	100.00	0.00
340.00	100.00	0.00
330.00	100.00	0.00
320.00	100.00	0.00
310.00	100.00	0.00
300.00	100.00	0.00
290.00	100.00	0.00
280.00	100.00	0.00
270.00	100.00	0.00
260.00	100.00	0.00
250.00	100.00	0.00
240.00	100.00	0.00
230.00	100.00	0.00
220.00	100.00	0.00
210.00	100.00	0.00
200.00	100.00	0.00
190.00	100.00	0.00
180.00	100.00	0.00
170.00	100.00	0.00
160.00	100.00	0.00
150.00	100.00	0.00
140.00	100.00	0.00
130.00	100.00	0.00
120.00	100.00	0.00
110.00	100.00	0.00
100.00	100.00	0.00
90.00	100.00	0.00
80.00	100.00	0.00
70.00	100.00	0.00
60.00	100.00	0.00
50.00	100.00	0.00
40.00	100.00	0.00
30.00	100.00	0.00
20.00	100.00	0.00
10.00	100.00	0.00
990.00	110.00	0.00
980.00	110.00	0.00
970.00	110.00	0.00
960.00	110.00	0.00
950.00	110.00	0.00
940.00	110.00	0.00
930.00	110.00	0.00
920.00	110.00	0.00
910.00	110.00	0.00
900.00	110.00	0.00
890.00	110.00	0.00
880.00	110.00	0.00
870.00	110.00	0.00
860.00	110.00	0.00
850.00	110.00	0.00
840.00	110.00	0.00
830.00	110.00	0.00
820.00	110.00	0.00
810.00	110.00	0.00
800.00	110.00	0.00
790.00	110.00	0.00
780.00	110.00	0.00
770.00	110.00	0.00
760.00	110.00	0.00
750.00	110.00	0.00
740.00	110.00	0.00
730.00	110.00	0.00
720.00	110.00	0.00
710.00	110.00	0.00
700.00	110.00	0.00
690.00	110.00	0.00
680.00	110.00	0.00
670.00	110.00	0.00
660.00	110.00	0.00
650.00	110.00	0.00
640.00	110.00	0.00
630.00	110.00	0.00
620.00	110.00	0.00
610.00	110.00	0.00
600.00	110.00	0.00
590.00	110.00	0.00
580.00	110.00	0.00
570.00	110.00	0.00
560.00	110.00	0.00
550.00	110.00	0.00
540.00	110.00	0.00
530.00	110.00	0.00
520.00	110.00	0.00
510.00	110.00	0.00
500.00	110.00	0.00
490.00	110.00	0.00
480.00	110.00	0.00
470.00	110.00	0.00
460.00	110.00	0.00
450.00	110.00	0.00
440.00	110.00	0.00
430.00	110.00	0.00
420.00	110.00	0.00
410.00	110.00	0.00
400.00	110.00	0.00
390.00	110.00	0.00
380.00	110.00	0.00
370.00	110.00	0.00
360.00	110.00	0.00
350.00	110.00	0.00
340.00	110.00	0.00
330.00	110.00	0.00
320.00	110.00	0.00
310.00	110.00	0.00
300.00	110.00	0.00
290.00	110.00	0.00
280.00	110.00	0.00
270.00	110.00	0.00
260.00	110.00	0.00
250.00	110.00	0.00
240.00	110.00	0.00
230.00	110.00	0.00
220.00	110.00	0.00
210.00	110.00	0.00
200.00	110.00	0.00
190.00	110.00	0.00
180.00	110.00	0.00
170.00	110.00	0.00
160.00	110.00	0.00
150.00	110.00	0.00
140.00	110.00	0.00
130.00	110.00	0.00
120.00	110.00	0.00
110.00	110.00	0.00
100.00	110.00	0.00
90.00	110.00	0.00
80.00	110.00	0.00
70.00	110.00	0.00
60.00	110.00	0.00
50.00	110.00	0.00
40.00	110.00	0.00
30.00	110.00	0.00
20.00	110.00	0.00
10.00	110.00	0.00
990.00	120.00	0.00
980.00	120.00	0.00
970.00	120.00	0.00
960.00	120.00	0.00
950.00	120.00	0.00
940.00	120.00	0.00
930.00	120.00	0.00
920.00	120.00	0.00
910.00	120.00	0.00
900.00	120.00	0.00
890.00	120.00	0.00
880.00	120.00	0.00
870.00	120.00	0.00
860.00	120.00	0.00
850.00	120.00	0.00
840.00	120.00	0.00
830.00	120.00	0.00
820.00	120.00	0.00
810.00	120.00	0.00
800.00	120.00	0.00
790.00	120.00	0.00
780.00	120.00	0.00
770.00	120.00	0.00
760.00	120.00	0.00
750.00	120.00	0.00
740.00	120.00	0.00
730.00	120.00	0.00
720.00	120.00	0.00
710.00	120.00	0.00
700.00	120.00	0.00
690.00	120.00	0.00
680.00	120.00	0.00
670.00	120.00	0.00
660.00	120.00	0.00
650.00	120.00	0.00
640.00	120.00	0.00
630.00	120.00	0.00
620.00	120.00	0.00
610.00	120.00	0.00
600.00	120.00	0.00
590.00	120.00	0.00
580.00	120.00	0.00
570.00	120.00	0.00
560.00	120.00	0.00
550.00	120.00	0.00
540.00	120.00	0.00
530.00	120.00	0.00
520.00	120.00	0.00
510.00	120.00	0.00
500.00	120.00	0.00
490.00	120.00	0.00
480.00	120.00	0.00
470.00	120.00	0.00
460.00	120.00	0.00
450.00	120.00	0.00
440.00	120.00	0.00
430.00	120.00	0.00
420.00	120.00	0.00
410.00	120.00	0.00
400.00	120.00	0.00
390.00	120.00	0.00
380.00	120.00	0.00
370.00	120.00	0.00
360.00	120.00	0.00
350.00	120.00	0.00
340.00	120.00	0.00
330.00	120.00	0.00
320.00	120.00	0.00
310.00	120.00	0.00
300.00	120.00	0.00
290.00	120.00	0.00
280.00	120.00	0.00
270.00	120.00	0.00
260.00	120.00	0.00
250.00	120.00	0.00
240.00	120.00	0.00
230.00	120.00	0.00
220.00	120.00	0.00
210.00	120.00	0.00
200.00	120.00	0.00
190.00	120.00	0.00
180.00	120.00	0.00
170.00	120.00	0.00
160.00	120.00	0.00
150.00	120.00	0.00
140.00	120.00	0.00
130.00	120.00	0.00
120.00	120.00	0.00
110.00	120.00	0.00
100.00	120.00	0.00
90.00	120.00	0.00
80.00	120.00	0.00
70.00	120.00	0.00
60.00	120.00	0.00
50.00	120.00	0.00
40.00	120.00	0.00
30.00	120.00	0.00
20.00	120.00	0.00
10.00	120.00	0.00
990.00	130.00	0.00
980.00	130.00	0.00
970.00	130.00	0.00
960.00	130.00	0.00
950.00	130.00	0.00
940.00	130.00	0.00
930.00	130.00	0.00
920.00	130.00	0.00
910.00	130.00	0.00
900.00	130.00	0.00
890.00	130.00	0.00
880.00	130.00	0.00
870.00	130.00	0.00
860.00	130.00	0.00
850.00	130.00	0.00
840.00	130.00	0.00
830.00	130.00	0.00
820.00	130.00	0.00
810.00	130.00	0.00
800.00	130.00	0.00
790.00	130.00	0.00
780.00	130.00	0.00
770.00	130.00	0.00
760.00	130.00	0.00
750.00	130.00	0.00
740.00	130.00	0.00
730.00	130.00	0.00
720.00	130.00	0.00
710.00	130.00	0.00
700.00	130.00	0.00
690.00	130.00	0.00
680.00	130.00	0.00
670.00	130.00	0.00
660.00	130.00	0.00
650.00	130.00	0.00
640.00	130.00	0.00
630.00	130.00	0.00
620.00	130.00	0.00
610.00	130.00	0.00
600.00	130.00	0.00
590.00	130.00	0.00
580.00	130.00	0.00
570.00	130.00	0.00
560.00	130.00	0.00
550.00	130.00	0.00
540.00	130.00	0.00
530.00	130.00	0.00
520.00	130.00	0.00
510.00	130.00	0.00
500.00	130.00	0.00
490.00	130.00	0.00
480.00	130.00	0.00
470.00	130.00	0.00
460.00	130.00	0.00
450.00	130.00	0.00
440.00	130.00	0.00
430.00	130.00	0.00
420.00	130.00	0.00
410.00	130.00	0.00
400.00	130.00	0.00
390.00	130.00	0.00
380.00	130.00	0.00
370.00	130.00	0.00
360.00	130.00	0.00
350.00	130.00	0.00
340.00	130.00	0.00
330.00	130.00	0.00
320.00	130.00	0.00
310.00	130.00	0.00
300.00	130.00	0.00
290.00	130.00	0.00
280.00	130.00	0.00
270.00	130.00	0.00
260.00	130.00	0.00
250.00	130.00	0.00
240.00	130.00	0.00
230.00	130.00	0.00
220.00	130.00	0.00
210.00	130.00	0.00
200.00	130.00	0.00
190.00	130.00	0.00
180.00	130.00	0.00
170.00	130.00	0.00
160.00	130.00	0.00
150.00	130.00	0.00
140.00	130.00	0.00
130.00	130.00	0.00
120.00	130.00	0.00
110.00	130.00	0.00
100.00	130.00	0.00
90.00	130.00	0.00
80.00	130.00	0.00
70.00	130.00	0.00
60.00	130.00	0.00
50.00	130.00	0.00
40.00	130.00	0.00
30.00	130.00	0.00
20.00	130.00	0.00
10.00	130.00	0.00
990.00	140.00	0.00
980.00	140.00	0.00
970.00	140.00	0.00
960.00	140.00	0.00
950.00	140.00	0.00
940.00	140.00	0.00
930.00	140.00	0.00
920.00	140.00	0.00
910.00	140.00	0.00
900.00	140.00	0.00
890.00	140.00	0.00
880.00	140.00	0.00
870.00	140.00	0.00
860.00	140.00	0.00
850.00	140.00	0.00
840.00	140.00	0.00
830.00	140.00	0.00
820.00	140.00	0.00
810.00	140.00	0.00
800.00	140.00	0.00
790.00	140.00	0.00
780.00	140.00	0.00
770.00	140.00	0.00
760.00	140.00	0.00
750.00	140.00	0.00
740.00	140.00	0.00
730.00	140.00	0.00
720.00	140.00	0.00
710.00	140.00	0.00
700.00	140.00	0.00
690.00	140.00	0.00
680.00	140.00	0.00
670.00	140.00	0.00
660.00	140.00	0.00
650.00	140.00	0.00
640.00	140.00	0.00
630.00	140.00	0.00
620.00	140.00	0.00
610.00	140.00	0.00
600.00	140.00	0.00
590.00	140.00	0.00
580.00	140.00	0.00
570.00	140.00	0.00
560.00	140.00	0.00
550.00	140.00	0.00
540.00	140.00	0.00
530.00	140.00	0.00
520.00	140.00	0.00
510.00	140.00	0.00
500.00	140.00	0.00
490.00	140.00	0.00
480.00	140.00	0.00
470.00	140.00	0.00
460.00	140.00	0.00
450.00	140.00	0.00
440.00	140.00	0.00
430.00	140.00	0.00
420.00	140.00	0.00
410.00	140.00	0.00
400.00	140.00	0.00
390.00	140.00	0.00
380.00	140.00	0.00
370.00	140.00	0.00
360.00	140.00	0.00
350.00	140.00	0.00
340.00	140.00	0.00
330.00	140.00	0.00
320.00	140.00	0.00
310.00	140.00	0.00
300.00	140.00	0.00
290.00	140.00	0.00
280.00	140.00	0.00
270.00	140.00	0.00
260.00	140.00	0.00
250.00	140.00	0.00
240.00	140.00	0.00
230.00	140.00	0.00
220.00	140.00	0.00
210.00	140.00	0.00
200.00	140.00	0.00
190.00	140.00	0.00
180.00	140.00	0.00
170.00	140.00	0.00
160.00	140.00	0.00
150.00	140.00	0.00
140.00	140.00	0.00
130.00	140.00	0.00
120.00	140.00	0.00
110.00	140.00	0.00
100.00	140.00	0.00
90.00	140.00	0.00
80.00	140.00	0.00
70.00	140.00	0.00
60.00	140.00	0.00
50.00	140.00	0.00
40.00	140.00	0.00
30.00	140.00	0.00
20.00	140.00	0.00
10.00	140.00	0.00
990.00	150.00	0.00
980.00	150.00	0.00
970.00	150.00	0.00
960.00	150.00	0.00
950.00	150.00	0.00
940.00	150.00	0.00
930.00	150.00	0.00
920.00	150.00	0.00
910.00	150.00	0.00
900.00	150.00	0.00
890.00	150.00	0.00
880.00	150.00	0.00
870.00	150.00	0.00
860.00	150.00	0.00
850.00	150.00	0.00
840.00	150.00	0.00
830.00	150.00	0.00
820.00	150.00	0.00
810.00	150.00	0.00
800.00	150.00	0.00
790.00	150.00	0.00
780.00	150.00	0.00
770.00	150.00	0.00
760.00	150.00	0.00
750.00	150.00	0.00
740.00	150.00	0.00
730.00	150.00	0.00
720.00	150.00	0.00
710.00	150.00	0.00
700.00	150.00	0.00
690.00	150.00	0.00
680.00	150.00	0.00
670.00	150.00	0.00
660.00	150.00	0.00
650.00	150.00	0.00
640.00	150.00	0.00
630.00	150.00	0.00
620.00	150.00	0.00
610.00	150.00	0.00
600.00	150.00	0.00
590.00	150.00	0.00
580.00	150.00	0.00
570.00	150.00	0.00
560.00	150.00	0.00
550.00	150.00	0.00
540.00	150.00	0.00
530.00	150.00	0.00
520.00	150.00	0.00
510.00	150.00	0.00
500.00	150.00	0.00
490.00	150.00	0.00
480.00	150.00	0.00
470.00	150.00	0.00
460.00	150.00	0.00
450.00	150.00	0.00
440.00	150.00	0.00
430.00	150.00	0.00
420.00	150.00	0.00
410.00	150.00	0.00
400.00	150.00	0.00
390.00	150.00	0.00
380.00	150.00	0.00
370.00	150.00	0.00
360.00	150.00	0.00
350.00	150.00	0.00
340.00	150.00	0.00
330.00	150.00	0.00
320.00	150.00	0.00
310.00	150.00	0.00
300.00	150.00	0.00
290.00	150.00	0.00
280.00	150.00	0.00
270.00	150.00	0.00
260.00	150.00	0.00
250.00	150.00	0.00
240.00	150.00	0.00
230.00	150.00	0.00
220.00	150.00	0.00
210.00	150.00	0.00
200.00	150.00	0.00
190.00	150.00	0.00
180.00	150.00	0.00
170.00	150.00	0.00
160.00	150.00	0.00
150.00	150.00	0.00
140.00	150.00	0.00
130.00	150.00	0.00
120.00	150.00	0.00
110.00	150.00	0.00
100.00	150.00	0.00
90.00	150.00	0.00
80.00	150.00	0.00
70.00	150.00	0.00
60.00	150.00	0.00
50.00	150.00	0.00
40.00	150.00	0.00
30.00	150.00	0.00
20.00	150.00	0.00
10.00	150.00	0.00
990.00	159.99	0.00
980.00	159.99	0.00
970.00	159.99	0.00
960.00	159.99	0.00
950.00	159.99	0.00
940.00	159.99	0.00
930.00	159.99	0.00
920.00	159.99	0.00
910.00	159.99	0.00
900.00	159.99	0.00
890.00	159.99	0.00
880.00	159.99	0.00
870.00	159.99	0.00
860.00	159.99	0.00
850.00	159.99	0.00
840.00	159.99	0.00
830.00	159.99	0.00
820.00	159.99	0.00
810.00	159.99	0.00
800.00	159.99	0.00
790.00	159.99	0.00
780.00	159.99	0.00
770.00	159.99	0.00
760.00	159.99	0.00
750.00	159.99	0.00
740.00	159.99	0.00
730.00	159.99	0.00
720.00	159.99	0.00
710.00	159.99	0.00
700.00	159.99	0.00
690.00	159.99	0.00
680.00	159.99	0.00
670.00	159.99	0.00
660.00	159.99	0.00
650.00	159.99	0.00
640.00	159.99	0.00
630.00	159.99	0.00
620.00	159.99	0.00
610.00	159.99	0.00
600.00	159.99	0.00
590.00	159.99	0.00
580.00	159.99	0.00
570.00	159.99	0.00
560.00	159.99	0.00
550.00	159.99	0.00
540.00	159.99	0.00
530.00	159.99	0.00
520.00	159.99	0.00
510.00	159.99	0.00
500.00	159.99	0.00
490.00	159.99	0.00
480.00	159.99	0.00
470.00	159.99	0.00
460.00	159.99	0.00
450.00	159.99	0.00
440.00	159.99	0.00
430.00	159.99	0.00
420.00	159.99	0.00
410.00	159.99	0.00
400.00	159.99	0.00
390.00	159.99	0.00
380.00	159.99	0.00
370.00	159.99	0.00
360.00	159.99	0.00
350.00	159.99	0.00
340.00	159.99	0.00
330.00	159.99	0.00
320.00	159.99	0.00
310.00	159.99	0.00
300.00	159.99	0.00
290.00	159.99	0.00
280.00	159.99	0.00
270.00	159.99	0.00
260.00	159.99	0.00
250.00	159.99	0.00
240.00	159.99	0.00
230.00	159.99	0.00
220.00	159.99	0.00
210.00	159.99	0.00
200.00	159.99	0.00
190.00	159.99	0.00
180.00	159.99	0.00
170.00	159.99	0.00
160.00	159.99	0.00
150.00	159.99	0.00
140.00	159.99	0.00
130.00	159.99	0.00
120.00	159.99	0.00
110.00	159.99	0.00
100.00	159.99	0.00
90.00	159.99	0.00
80.00	159.99	0.00
70.00	159.99	0.00
60.00	159.99	0.00
50.00	159.99	0.00
40.00	159.99	0.00
30.00	159.99	0.00
20.00	159.99	0.00
10.00	159.99	0.00
990.00	169.99	0.00
980.00	169.99	0.00
970.00	169.99	0.00
960.00	169.99	0.00
950.00	169.99	0.00
940.00	169.99	0.00
930.00	169.99	0.00
920.00	169.99	0.00
910.00	169.99	0.00
900.00	169.99	0.00
890.00	169.99	0.00
880.00	169.99	0.00
870.00	169.99	0.00
860.00	169.99	0.00
850.00	169.99	0.00
840.00	169.99	0.00
830.00	169.99	0.00
820.00	169.99	0.00
810.00	169.99	0.00
800.00	169.99	0.00
790.00	169.99	0.00
780.00	169.99	0.00
770.00	169.99	0.00
760.00	169.99	0.00
750.00	169.99	0.00
740.00	169.99	0.00
730.00	169.99	0.00
720.00	169.99	0.00
710.00	169.99	0.00
700.00	169.99	0.00
690.00	169.99	0.00
680.00	169.99	0.00
670.00	169.99	0.00
660.00	169.99	0.00
650.00	169.99	0.00
640.00	169.99	0.00
630.00	169.99	0.00
620.00	169.99	0.00
610.00	169.99	0.00
600.00	169.99	0.00
590.00	169.99	0.00
580.00	169.99	0.00
570.00	169.99	0.00
560.00	169.99	0.00
550.00	169.99	0.00
540.00	169.99	0.00
530.00	169.99	0.00
520.00	169.99	0.00
510.00	169.99	0.00
500.00	169.99	0.00
490.00	169.99	0.00
480.00	169.99	0.00
470.00	169.99	0.00
460.00	169.99	0.00
450.00	169.99	0.00
440.00	169.99	0.00
430.00	169.99	0.00
420.00	169.99	0.00
410.00	169.99	0.00
400.00	169.99	0.00
390.00	169.99	0.00
380.00	169.99	0.00
370.00	169.99	0.00
360.00	169.99	0.00
350.00	169.99	0.00
340.00	169.99	0.00
330.00	169.99	0.00
320.00	169.99	0.00
310.00	169.99	0.00
300.00	169.99	0.00
290.00	169.99	0.00
280.00	169.99	0.00
270.00	169.99	0.00
260.00	169.99	0.00
250.00	169.99	0.00
240.00	169.99	0.00
230.00	169.99	0.00
220.00	169.99	0.00
210.00	169.99	0.00
200.00	169.99	0.00
190.00	169.99	0.00
180.00	169.99	0.00
170.00	169.99	0.00
160.00	169.99	0.00
150.00	169.99	0.00
140.00	169.99	0.00
130.00	169.99	0.00
120.00	169.99	0.00
110.00	169.99	0.00
100.00	169.99	0.00
90.00	169.99	0.00
80.00	169.99	0.00
70.00	169.99	0.00
60.00	169.99	0.00
50.00	169.99	0.00
40.00	169.99	0.00
30.00	169.99	0.00
20.00	169.99	0.00
10.00	169.99	0.00
990.00	179.99	0.00
980.00	179.99	0.00
970.00	179.99	0.00
960.00	179.99	0.00
950.00	179.99	0.00
940.00	179.99	0.00
930.00	179.99	0.00
920.00	179.99	0.00
910.00	179.99	0.00
900.00	179.99	0.00
890.00	179.99	0.00
880.00	179.99	0.00
870.00	179.99	0.00
860.00	179.99	0.00
850.00	179.99	0.00
840.00	179.99	0.00
830.00	179.99	0.00
820.00	179.99	0.00
810.00	179.99	0.00
800.00	179.99	0.00
790.00	179.99	0.00
780.00	179.99	0.00
770.00	179.99	0.00
760.00	179.99	0.00
750.00	179.99	0.00
740.00	179.99	0.00
730.00	179.99	0.00
720.00	179.99	0.00
710.00	179.99	0.00
700.00	179.99	0.00
690.00	179.99	0.00
680.00	179.99	0.00
670.00	179.99	0.00
660.00	179.99	0.00
650.00	179.99	0.00
640.00	179.99	0.00
630.00	179.99	0.00
620.00	179.99	0.00
610.00	179.99	0.00
600.00	179.99	0.00
590.00	179.99	0.00
580.00	179.99	0.00
570.00	179.99	0.00
560.00	179.99	0.00
550.00	179.99	0.00
540.00	179.99	0.00
530.00	179.99	0.00
520.00	179.99	0.00
510.00	179.99	0.00
500.00	179.99	0.00
490.00	179.99	0.00
480.00	179.99	0.00
470.00	179.99	0.00
460.00	179.99	0.00
450.00	179.99	0.00
440.00	179.99	0.00
430.00	179.99	0.00
420.00	179.99	0.00
410.00	179.99	0.00
400.00	179.99	0.00
390.00	179.99	0.00
380.00	179.99	0.00
370.00	179.99	0.00
360.00	179.99	0.00
350.00	179.99	0.00
340.00	179.99	0.00
330.00	179.99	0.00
320.00	179.99	0.00
310.00	179.99	0.00
300.00	179.99	0.00
290.00	179.99	0.00
280.00	179.99	0.00
270.00	179.99	0.00
260.00	179.99	0.00
250.00	179.99	0.00
240.00	179.99	0.00
230.00	179.99	0.00
220.00	179.99	0.00
210.00	179.99	0.00
200.00	179.99	0.00
190.00	179.99	0.00
180.00	179.99	0.00
170.00	179.99	0.00
160.00	179.99	0.00
150.00	179.99	0.00
140.00	179.99	0.00
130.00	179.99	0.00
120.00	179.99	0.00
110.00	179.99	0.00
100.00	179.99	0.00
90.00	179.99	0.00
80.00	179.99	0.00
70.00	179.99	0.00
60.00	179.99	0.00
50.00	179.99	0.00
40.00	179.99	0.00
30.00	179.99	0.00
20.00	179.99	0.00
10.00	179.99	0.00
990.00	189.99	0.00
980.00	189.99	0.00
970.00	189.99	0.00
960.00	189.99	0.00
950.00	189.99	0.00
940.00	189.99	0.00
930.00	189.99	0.00
920.00	189.99	0.00
910.00	189.99	0.00
900.00	189.99	0.00
890.00	189.99	0.00
880.00	189.99	0.00
870.00	189.99	0.00
860.00	189.99	0.00
850.00	189.99	0.00
840.00	189.99	0.00
830.00	189.99	0.00
820.00	189.99	0.00
810.00	189.99	0.00
800.00	189.99	0.00
790.00	189.99	0.00
780.00	189.99	0.00
770.00	189.99	0.00
760.00	189.99	0.00
750.00	189.99	0.00
740.00	189.99	0.00
730.00	189.99	0.00
720.00	189.99	0.00
710.00	189.99	0.00
700.00	189.99	0.00
690.00	189.99	0.00
680.00	189.99	0.00
670.00	189.99	0.00
660.00	189.99	0.00
650.00	189.99	0.00
640.00	189.99	0.00
630.00	189.99	0.00
620.00	189.99	0.00
610.00	189.99	0.00
600.00	189.99	0.00
590.00	189.99	0.00
580.00	189.99	0.00
570.00	189.99	0.00
560.00	189.99	0.00
550.00	189.99	0.00
540.00	189.99	0.00
530.00	189.99	0.00
520.00	189.99	0.00
510.00	189.99	0.00
500.00	189.99	0.00
490.00	189.99	0.00
480.00	189.99	0.00
470.00	189.99	0.00
460.00	189.99	0.00
450.00	189.99	0.00
440.00	189.99	0.00
430.00	189.99	0.00
420.00	189.99	0.00
410.00	189.99	0.00
400.00	189.99	0.00
390.00	189.99	0.00
380.00	189.99	0.00
370.00	189.99	0.00
360.00	189.99	0.00
350.00	189.99	0.00
340.00	189.99	0.00
330.00	189.99	0.00
320.00	189.99	0.00
310.00	189.99	0.00
300.00	189.99	0.00
290.00	189.99	0.00
280.00	189.99	0.00
270.00	189.99	0.00
260.00	189.99	0.00
250.00	189.99	0.00
240.00	189.99	0.00
230.00	189.99	0.00
220.00	189.99	0.00
210.00	189.99	0.00
200.00	189.99	0.00
190.00	189.99	0.00
180.00	189.99	0.00
170.00	189.99	0.00
160.00	189.99	0.00
150.00	189.99	0.00
140.00	189.99	0.00
130.00	189.99	0.00
120.00	189.99	0.00
110.00	189.99	0.00
100.00	189.99	0.00
90.00	189.99	0.00
80.00	189.99	0.00
70.00	189.99	0.00
60.00	189.99	0.00
50.00	189.99	0.00
40.00	189.99	0.00
30.00	189.99	0.00
20.00	189.99	0.00
10.00	189.99	0.00
990.00	199.99	0.00
980.00	199.99	0.00
970.00	199.99	0.00
960.00	199.99	0.00
950.00	199.99	0.00
940.00	199.99	0.00
930.00	199.99	0.00
920.00	199.99	0.00
910.00	199.99	0.00
900.00	199.99	0.00
890.00	199.99	0.00
880.00	199.99	0.00
870.00	199.99	0.00
860.00	199.99	0.00
850.00	199.99	0.00
840.00	199.99	0.00
830.00	199.99	0.00
820.00	199.99	0.00
810.00	199.99	0.00
800.00	199.99	0.00
790.00	199.99	0.00
780.00	199.99	0.00
770.00	199.99	0.00
760.00	199.99	0.00
750.00	199.99	0.00
740.00	199.99	0.00
730.00	199.99	0.00
720.00	199.99	0.00
710.00	199.99	0.00
700.00	199.99	0.00
690.00	199.99	0.00
680.00	199.99	0.00
670.00	199.99	0.00
660.00	199.99	0.00
650.00	199.99	0.00
640.00	199.99	0.00
630.00	199.99	0.00
620.00	199.99	0.00
610.00	199.99	0.00
600.00	199.99	0.00
590.00	199.99	0.00
580.00	199.99	0.00
570.00	199.99	0.00
560.00	199.99	0.00
550.00	199.99	0.00
540.00	199.99	0.00
530.00	199.99	0.00
520.00	199.99	0.00
510.00	199.99	0.00
500.00	199.99	0.00
490.00	199.99	0.00
480.00	199.99	0.00
470.00	199.99	0.00
460.00	199.99	0.00
450.00	199.99	0.00
440.00	199.99	0.00
430.00	199.99	0.00
420.00	199.99	0.00
410.00	199.99	0.00
400.00	199.99	0.00
390.00	199.99	0.00
380.00	199.99	0.00
370.00	199.99	0.00
360.00	199.99	0.00
350.00	199.99	0.00
340.00	199.99	0.00
330.00	199.99	0.00
320.00	199.99	0.00
310.00	199.99	0.00
300.00	199.99	0.00
290.00	199.99	0.00
280.00	199.99	0.00
270.00	199.99	0.00
260.00	199.99	0.00
250.00	199.99	0.00
240.00	199.99	0.00
230.00	199.99	0.00
220.00	199.99	0.00
210.00	199.99	0.00
200.00	199.99	0.00
190.00	199.99	0.00
180.00	199.99	0.00
170.00	199.99	0.00
160.00	199.99	0.00
150.00	199.99	0.00
140.00	199.99	0.00
130.00	199.99	0.00
120.00	199.99	0.00
110.00	199.99	0.00
100.00	199.99	0.00
90.00	199.99	0.00
80.00	199.99	0.00
70.00	199.99	0.00
60.00	199.99	0.00
50.00	199.99	0.00
40.00	199.99	0.00
30.00	199.99	0.00
20.00	199.99	0.00
10.00	199.99	0.00
990.00	209.99	0.00
980.00	209.99	0.00
970.00	209.99	0.00
960.00	209.99	0.00
950.00	209.99	0.00
940.00	209.99	0.00
930.00	209.99	0.00
920.00	209.99	0.00
910.00	209.99	0.00
900.00	209.99	0.00
890.00	209.99	0.00
880.00	209.99	0.00
870.00	209.99	0.00
860.00	209.99	0.00
850.00	209.99	0.00
840.00	209.99	0.00
830.00	209.99	0.00
820.00	209.99	0.00
810.00	209.99	0.00
800.00	209.99	0.00
790.00	209.99	0.00
780.00	209.99	0.00
770.00	209.99	0.00
760.00	209.99	0.00
750.00	209.99	0.00
740.00	209.99	0.00
730.00	209.99	0.00
720.00	209.99	0.00
710.00	209.99	0.00
700.00	209.99	0.00
690.00	209.99	0.00
680.00	209.99	0.00
670.00	209.99	0.00
660.00	209.99	0.00
650.00	209.99	0.00
640.00	209.99	0.00
630.00	209.99	0.00
620.00	209.99	0.00
610.00	209.99	0.00
600.00	209.99	0.00
590.00	209.99	0.00
580.00	209.99	0.00
570.00	209.99	0.00
560.00	209.99	0.00
550.00	209.99	0.00
540.00	209.99	0.00
530.00	209.99	0.00
520.00	209.99	0.00
510.00	209.99	0.00
500.00	209.99	0.00
490.00	209.99	0.00
480.00	209.99	0.00
470.00	209.99	0.00
460.00	209.99	0.00
450.00	209.99	0.00
440.00	209.99	0.00
430.00	209.99	0.00
420.00	209.99	0.00
410.00	209.99	0.00
400.00	209.99	0.00
390.00	209.99	0.00
380.00	209.99	0.00
370.00	209.99	0.00
360.00	209.99	0.00
350.00	209.99	0.00
340.00	209.99	0.00
330.00	209.99	0.00
320.00	209.99	0.00
310.00	209.99	0.00
300.00	209.99	0.00
290.00	209.99	0.00
280.00	209.99	0.00
270.00	209.99	0.00
260.00	209.99	0.00
250.00	209.99	0.00
240.00	209.99	0.00
230.00	209.99	0.00
220.00	209.99	0.00
210.00	209.99	0.00
200.00	209.99	0.00
190.00	209.99	0.00
180.00	209.99	0.00
170.00	209.99	0.00
160.00	209.99	0.00
150.00	209.99	0.00
140.00	209.99	0.00
130.00	209.99	0.00
120.00	209.99	0.00
110.00	209.99	0.00
100.00	209.99	0.00
90.00	209.99	0.00
80.00	209.99	0.00
70.00	209.99	0.00
60.00	209.99	0.00
50.00	209.99	0.00
40.00	209.99	0.00
30.00	209.99	0.00
20.00	209.99	0.00
10.00	209.99	0.00
990.00	219.99	0.00
980.00	219.99	0.00
970.00	219.99	0.00
960.00	219.99	0.00
950.00	219.99	0.00
940.00	219.99	0.00
930.00	219.99	0.00
920.00	219.99	0.00
910.00	219.99	0.00
900.00	219.99	0.00
890.00	219.99	0.00
880.00	219.99	0.00
870.00	219.99	0.00
860.00	219.99	0.00
850.00	219.99	0.00
840.00	219.99	0.00
830.00	219.99	0.00
820.00	219.99	0.00
810.00	219.99	0.00
800.00	219.99	0.00
790.00	219.99	0.00
780.00	219.99	0.00
770.00	219.99	0.00
760.00	219.99	0.00
750.00	219.99	0.00
740.00	219.99	0.00
730.00	219.99	0.00
720.00	219.99	0.00
710.00	219.99	0.00
700.00	219.99	0.00
690.00	219.99	0.00
680.00	219.99	0.00
670.00	219.99	0.00
660.00	219.99	0.00
650.00	219.99	0.00
640.00	219.99	0.00
630.00	219.99	0.00
620.00	219.99	0.00
610.00	219.99	0.00
600.00	219.99	0.00
590.00	219.99	0.00
580.00	219.99	0.00
570.00	219.99	0.00
560.00	219.99	0.00
550.00	219.99	0.00
540.00	219.99	0.00
530.00	219.99	0.00
520.00	219.99	0.00
510.00	219.99	0.00
500.00	219.99	0.00
490.00	219.99	0.00
480.00	219.99	0.00
470.00	219.99	0.00
460.00	219.99	0.00
450.00	219.99	0.00
440.00	219.99	0.00
430.00	219.99	0.00
420.00	219.99	0.00
410.00	219.99	0.00
400.00	219.99	0.00
390.00	219.99	0.00
380.00	219.99	0.00
370.00	219.99	0.00
360.00	219.99	0.00
350.00	219.99	0.00
340.00	219.99	0.00
330.00	219.99	0.00
320.00	219.99	0.00
310.00	219.99	0.00
300.00	219.99	0.00
290.00	219.99	0.00
280.00	219.99	0.00
270.00	219.99	0.00
260.00	219.99	0.00
250.00	219.99	0.00
240.00	219.99	0.00
230.00	219.99	0.00
220.00	219.99	0.00
210.00	219.99	0.00
200.00	219.99	0.00
190.00	219.99	0.00
180.00	219.99	0.00
170.00	219.99	0.00
160.00	219.99	0.00
150.00	219.99	0.00
140.00	219.99	0.00
130.00	219.99	0.00
120.00	219.99	0.00
110.00	219.99	0.00
100.00	219.99	0.00
90.00	219.99	0.00
80.00	219.99	0.00
70.00	219.99	0.00
60.00	219.99	0.00
50.00	219.99	0.00
40.00	219.99	0.00
30.00	219.99	0.00
20.00	219.99	0.00
10.00	219.99	0.00
990.00	229.98	0.00
980.00	229.98	0.00
970.00	229.98	0.00
960.00	229.98	0.00
950.00	229.98	0.00
940.00	229.98	0.00
930.00	229.98	0.00
920.00	229.98	0.00
910.00	229.98	0.00
900.00	229.98	0.00
890.00	229.98	0.00
880.00	229.98	0.00
870.00	229.98	0.00
860.00	229.98	0.00
850.00	229.98	0.00
840.00	229.98	0.00
830.00	229.98	0.00
820.00	229.98	0.00
810.00	229.98	0.00
800.00	229.98	0.00
790.00	229.98	0.00
780.00	229.98	0.00
770.00	229.98	0.00
760.00	229.98	0.00
750.00	229.98	0.00
740.00	229.98	0.00
730.00	229.98	0.00
720.00	229.98	0.00
710.00	229.98	0.00
700.00	229.98	0.00
690.00	229.98	0.00
680.00	229.98	0.00
670.00	229.98	0.00
660.00	229.98	0.00
650.00	229.98	0.00
640.00	229.98	0.00
630.00	229.98	0.00
620.00	229.98	0.00
610.00	229.98	0.00
600.00	229.98	0.00
590.00	229.98	0.00
580.00	229.98	0.00
570.00	229.98	0.00
560.00	229.98	0.00
550.00	229.98	0.00
540.00	229.98	0.00
530.00	229.98	0.00
520.00	229.98	0.00
510.00	229.98	0.00
500.00	229.98	0.00
490.00	229.98	0.00
480.00	229.98	0.00
470.00	229.98	0.00
460.00	229.98	0.00
450.00	229.98	0.00
440.00	229.98	0.00
430.00	229.98	0.00
420.00	229.98	0.00
410.00	229.98	0.00
400.00	229.98	0.00
390.00	229.98	0.00
380.00	229.98	0.00
370.00	229.98	0.00
360.00	229.98	0.00
350.00	229.98	0.00
340.00	229.98	0.00
330.00	229.98	0.00
320.00	229.98	0.00
310.00	229.98	0.00
300.00	229.98	0.00
290.00	229.98	0.00
280.00	229.98	0.00
270.00	229.98	0.00
260.00	229.98	0.00
250.00	229.98	0.00
240.00	229.98	0.00
230.00	229.98	0.00
220.00	229.98	0.00
210.00	229.98	0.00
200.00	229.98	0.00
190.00	229.98	0.00
180.00	229.98	0.00
170.00	229.98	0.00
160.00	229.98	0.00
150.00	229.98	0.00
140.00	229.98	0.00
130.00	229.98	0.00
120.00	229.98	0.00
110.00	229.98	0.00
100.00	229.98	0.00
90.00	229.98	0.00
80.00	229.98	0.00
70.00	229.98	0.00
60.00	229.98	0.00
50.00	229.98	0.00
40.00	229.98	0.00
30.00	229.98	0.00
20.00	229.98	0.00
10.00	229.98	0.00
990.00	239.98	0.00
980.00	239.98	0.00
970.00	239.98	0.00
960.00	239.98	0.00
950.00	239.98	0.00
940.00	239.98	0.00
930.00	239.98	0.00
920.00	239.98	0.00
910.00	239.98	0.00
900.00	239.98	0.00
890.00	239.98	0.00
880.00	239.98	0.00
870.00	239.98	0.00
860.00	239.98	0.00
850.00	239.98	0.00
840.00	239.98	0.00
830.00	239.98	0.00
820.00	239.98	0.00
810.00	239.98	0.00
800.00	239.98	0.00
790.00	239.98	0.00
780.00	239.98	0.00
770.00	239.98	0.00
760.00	239.98	0.00
750.00	239.98	0.00
740.00	239.98	0.00
730.00	239.98	0.00
720.00	239.98	0.00
710.00	239.98	0.00
700.00	239.98	0.00
690.00	239.98	0.00
680.00	239.98	0.00
670.00	239.98	0.00
660.00	239.98	0.00
650.00	239.98	0.00
640.00	239.98	0.00
630.00	239.98	0.00
620.00	239.98	0.00
610.00	239.98	0.00
600.00	239.98	0.00
590.00	239.98	0.00
580.00	239.98	0.00
570.00	239.98	0.00
560.00	239.98	0.00
550.00	239.98	0.00
540.00	239.98	0.00
530.00	239.98	0.00
520.00	239.98	0.00
510.00	239.98	0.00
500.00	239.98	0.00
490.00	239.98	0.00
480.00	239.98	0.00
470.00	239.98	0.00
460.00	239.98	0.00
450.00	239.98	0.00
440.00	239.98	0.00
430.00	239.98	0.00
420.00	239.98	0.00
410.00	239.98	0.00
400.00	239.98	0.00
390.00	239.98	0.00
380.00	239.98	0.00
370.00	239.98	0.00
360.00	239.98	0.00
350.00	239.98	0.00
340.00	239.98	0.00
330.00	239.98	0.00
320.00	239.98	0.00
310.00	239.98	0.00
300.00	239.98	0.00
290.00	239.98	0.00
280.00	239.98	0.00
270.00	239.98	0.00
260.00	239.98	0.00
250.00	239.98	0.00
240.00	239.98	0.00
230.00	239.98	0.00
220.00	239.98	0.00
210.00	239.98	0.00
200.00	239.98	0.00
190.00	239.98	0.00
180.00	239.98	0.00
170.00	239.98	0.00
160.00	239.98	0.00
150.00	239.98	0.00
140.00	239.98	0.00
130.00	239.98	0.00
120.00	239.98	0.00
110.00	239.98	0.00
100.00	239.98	0.00
90.00	239.98	0.00
80.00	239.98	0.00
70.00	239.98	0.00
60.00	239.98	0.00
50.00	239.98	0.00
40.00	239.98	0.00
30.00	239.98	0.00
20.00	239.98	0.00
10.00	239.98	0.00
990.00	250.00	0.00
980.00	250.00	0.00
970.00	250.00	0.00
960.00	250.00	0.00
950.00	250.00	0.00
940.00	250.00	0.00
930.00	250.00	0.00
920.00	250.00	0.00
910.00	250.00	0.00
900.00	250.00	0.00
890.00	250.00	0.00
880.00	250.00	0.00
870.00	250.00	0.00
860.00	250.00	0.00
850.00	250.00	0.00
840.00	250.00	0.00
830.00	250.00	0.00
820.00	250.00	0.00
810.00	250.00	0.00
800.00	250.00	0.00
790.00	250.00	0.00
780.00	250.00	0.00
770.00	250.00	0.00
760.00	250.00	0.00
750.00	250.00	0.00
740.00	250.00	0.00
730.00	250.00	0.00
720.00	250.00	0.00
710.00	250.00	0.00
700.00	250.00	0.00
690.00	250.00	0.00
680.00	250.00	0.00
670.00	250.00	0.00
660.00	250.00	0.00
650.00	250.00	0.00
640.00	250.00	0.00
630.00	250.00	0.00
620.00	250.00	0.00
610.00	250.00	0.00
600.00	250.00	0.00
590.00	250.00	0.00
580.00	250.00	0.00
570.00	250.00	0.00
560.00	250.00	0.00
550.00	250.00	0.00
540.00	250.00	0.00
530.00	250.00	0.00
520.00	250.00	0.00
510.00	250.00	0.00
500.00	250.00	0.00
490.00	250.00	0.00
480.00	250.00	0.00
470.00	250.00	0.00
460.00	250.00	0.00
450.00	250.00	0.00
440.00	250.00	0.00
430.00	250.00	0.00
420.00	250.00	0.00
410.00	250.00	0.00
400.00	250.00	0.00
390.00	250.00	0.00
380.00	250.00	0.00
370.00	250.00	0.00
360.00	250.00	0.00
350.00	250.00	0.00
340.00	250.00	0.00
330.00	250.00	0.00
320.00	250.00	0.00
310.00	250.00	0.00
300.00	250.00	0.00
290.00	250.00	0.00
280.00	250.00	0.00
270.00	250.00	0.00
260.00	250.00	0.00
250.00	250.00	0.00
240.00	250.00	0.00
230.00	250.00	0.00
220.00	250.00	0.00
210.00	250.00	0.00
200.00	250.00	0.00
190.00	250.00	0.00
180.00	250.00	0.00
170.00	250.00	0.00
160.00	250.00	0.00
150.00	250.00	0.00
140.00	250.00	0.00
130.00	250.00	0.00
120.00	250.00	0.00
110.00	250.00	0.00
100.00	250.00	0.00
90.00	250.00	0.00
80.00	250.00	0.00
70.00	250.00	0.00
60.00	250.00	0.00
50.00	250.00	0.00
40.00	250.00	0.00
30.00	250.00	0.00
20.00	250.00	0.00
10.00	250.00	0.00
1000.00	10.02	0.00
1000.00	20.02	0.00
1000.00	30.01	0.00
1000.00	40.01	0.00
1000.00	50.01	0.00
1000.00	60.01	0.00
1000.00	70.01	0.00
1000.00	80.01	0.00
1000.00	90.01	0.00
1000.00	100.00	0.00
1000.00	110.00	0.00
1000.00	120.00	0.00
1000.00	130.00	0.00
1000.00	140.00	0.00
1000.00	150.00	0.00
1000.00	159.99	0.00
1000.00	169.99	0.00
1000.00	179.99	0.00
1000.00	189.99	0.00
1000.00	199.99	0.00
1000.00	209.99	0.00
1000.00	219.99	0.00
1000.00	229.98	0.00
1000.00	239.98	0.00
10.00	0.00	0.00
20.00	0.00	0.00
30.00	0.00	0.00
40.00	0.00	0.00
50.00	0.00	0.00
60.00	0.00	0.00
70.00	0.00	0.00
80.00	0.00	0.00
90.00	0.00	0.00
100.00	0.00	0.00
110.00	0.00	0.00
120.00	0.00	0.00
130.00	0.00	0.00
140.00	0.00	0.00
150.00	0.00	0.00
160.00	0.00	0.00
170.00	0.00	0.00
180.00	0.00	0.00
190.00	0.00	0.00
200.00	0.00	0.00
210.00	0.00	0.00
220.00	0.00	0.00
230.00	0.00	0.00
240.00	0.00	0.00
250.00	0.00	0.00
260.00	0.00	0.00
270.00	0.00	0.00
280.00	0.00	0.00
290.00	0.00	0.00
300.00	0.00	0.00
310.00	0.00	0.00
320.00	0.00	0.00
330.00	0.00	0.00
340.00	0.00	0.00
350.00	0.00	0.00
360.00	0.00	0.00
370.00	0.00	0.00
380.00	0.00	0.00
390.00	0.00	0.00
400.00	0.00	0.00
410.00	0.00	0.00
420.00	0.00	0.00
430.00	0.00	0.00
440.00	0.00	0.00
450.00	0.00	0.00
460.00	0.00	0.00
470.00	0.00	0.00
480.00	0.00	0.00
490.00	0.00	0.00
500.00	0.00	0.00
510.00	0.00	0.00
520.00	0.00	0.00
530.00	0.00	0.00
540.00	0.00	0.00
550.00	0.00	0.00
560.00	0.00	0.00
570.00	0.00	0.00
580.00	0.00	0.00
590.00	0.00	0.00
600.00	0.00	0.00
610.00	0.00	0.00
620.00	0.00	0.00
630.00	0.00	0.00
640.00	0.00	0.00
650.00	0.00	0.00
660.00	0.00	0.00
670.00	0.00	0.00
680.00	0.00	0.00
690.00	0.00	0.00
700.00	0.00	0.00
710.00	0.00	0.00
720.00	0.00	0.00
730.00	0.00	0.00
740.00	0.00	0.00
750.00	0.00	0.00
760.00	0.00	0.00
770.00	0.00	0.00
780.00	0.00	0.00
790.00	0.00	0.00
800.00	0.00	0.00
810.00	0.00	0.00
820.00	0.00	0.00
830.00	0.00	0.00
840.00	0.00	0.00
850.00	0.00	0.00
860.00	0.00	0.00
870.00	0.00	0.00
880.00	0.00	0.00
890.00	0.00	0.00
900.00	0.00	0.00
910.00	0.00	0.00
920.00	0.00	0.00
930.00	0.00	0.00
940.00	0.00	0.00
950.00	0.00	0.00
960.00	0.00	0.00
970.00	0.00	0.00
980.00	0.00	0.00
990.00	0.00	0.00
0.00	239.98	0.00
0.00	229.98	0.00
0.00	219.99	0.00
0.00	209.99	0.00
0.00	199.99	0.00
0.00	189.99	0.00
0.00	179.99	0.00
0.00	169.99	0.00
0.00	159.99	0.00
0.00	150.00	0.00
0.00	140.00	0.00
0.00	130.00	0.00
0.00	120.00	0.00
0.00	110.00	0.00
0.00	100.00	0.00
0.00	90.01	0.00
0.00	80.01	0.00
0.00	70.01	0.00
0.00	60.01	0.00
0.00	50.01	0.00
0.00	40.01	0.00
0.00	30.01	0.00
0.00	20.02	0.00
0.00	10.02	0.00
